SetMedian AvgDist: 123.90741 TotalDist: 48465
B 333343323433333343454545556655566655544444455555565665666676776776777777777776777777777707777701111111121111112121121111212111111222111232333233333
Mean AvgDist: 116.31852 TotalDist: 1408455
B 33333333334343444454555555556566665554444544555555555656566666767677677777777777777777770777777001111111121111111121111111211111112111112122222232323233
Time taken by program is : 97.96901sec
186 4 2 0 33455 33329 50355 5 123.907409668 123.440742493
200 6 2 0 33329 33171 51705 4 123.440742493 122.855552673
974 0 0 3 33171 33169 51975 0 122.855552673 122.848144531
184 42 0 5 33169 32986 53595 5 122.848144531 122.170372009
172 43 0 5 32986 32893 55485 6 122.170372009 121.825927734
154 0 2 0 32893 32876 57375 6 121.825927734 121.762962341
141 78 1 7 32876 32745 59805 8 121.762962341 121.277778625
116 16 1 5 32745 32711 63045 11 121.277778625 121.151855469
210 8 0 3 32711 32709 63855 2 121.151855469 121.144447327
113 22 1 5 32709 32635 67365 12 121.144447327 120.870368958
112 29 1 6 32635 32585 71145 13 120.870368958 120.685188293
111 132 1 1 32585 32490 75195 14 120.685188293 120.333335876
108 60 2 0 32490 32482 80325 18 120.333335876 120.303703308
116 61 2 0 32482 32460 85185 17 120.303703308 120.222221375
116 88 0 7 32460 32445 89775 16 120.222221375 120.166664124
106 10 2 0 32445 32422 95175 19 120.166664124 120.081481934
232 9 0 3 32422 32420 95715 1 120.081481934 120.074073792
110 11 2 0 32420 32399 100575 17 120.074073792 119.996299744
114 12 0 4 32399 32372 104895 15 119.996299744 119.896293640
108 14 0 4 32372 32336 110025 18 119.896293640 119.762962341
160 0 2 0 32336 32332 111915 6 119.762962341 119.748146057
100 44 0 5 32332 32309 117855 21 119.748146057 119.662963867
102 67 2 0 32309 32306 123255 19 119.662963867 119.651855469
99 132 1 1 32306 32268 129735 23 119.651855469 119.511108398
100 123 1 1 32268 32218 135945 22 119.511108398 119.325927734
101 116 1 1 32218 32186 142425 23 119.325927734 119.207405090
94 45 1 5 32186 32177 149445 25 119.207405090 119.174072266
110 42 0 4 32177 32170 153765 15 119.174072266 119.148147583
94 15 0 4 32170 32155 160515 24 119.148147583 119.092590332
98 9 2 0 32155 32112 167265 24 119.092590332 118.933334351
94 112 1 1 32112 32077 174285 25 118.933334351 118.803703308
96 140 0 2 32077 32003 181035 24 118.803703308 118.529632568
106 138 2 0 32003 31989 186705 20 118.529632568 118.477775574
124 140 0 2 31989 31911 190485 13 118.477775574 118.188888550
91 27 1 5 31911 31842 199125 31 118.188888550 117.933334351
90 141 0 2 31842 31789 208575 34 117.933334351 117.737037659
112 142 2 0 31789 31783 213435 17 117.737037659 117.714813232
116 140 0 3 31783 31763 218295 17 117.714813232 117.640739441
96 68 2 0 31763 31762 224505 22 117.640739441 117.637039185
92 145 2 0 31762 31761 233145 31 117.637039185 117.633331299
116 89 0 7 31761 31759 238545 19 117.633331299 117.625923157
86 125 0 2 31759 31752 248265 35 117.625923157 117.599998474
89 125 1 1 31752 31706 256905 31 117.599998474 117.429626465
76 95 1 0 31706 31663 270135 48 117.429626465 117.270370483
77 132 1 1 31663 31662 283365 48 117.270370483 117.266670227
82 136 1 2 31662 31637 294975 42 117.266670227 117.174072266
76 57 1 6 31637 31628 309015 51 117.174072266 117.140739441
73 17 1 4 31628 31603 324405 56 117.140739441 117.048149109
88 40 0 5 31603 31600 333315 32 117.048149109 117.037040710
86 10 2 0 31600 31598 342495 33 117.037040710 117.029632568
78 33 1 6 31598 31590 355995 49 117.029632568 117.000000000
75 25 1 5 31590 31567 371115 55 117.000000000 116.914817810
70 90 1 7 31567 31558 389475 67 116.914817810 116.881484985
66 41 1 5 31558 31553 409185 72 116.881484985 116.862960815
77 39 1 4 31553 31518 422685 49 116.862960815 116.733329773
63 148 1 2 31518 31495 444285 79 116.733329773 116.648147583
59 145 1 2 31495 31492 471015 98 116.648147583 116.637039185
58 136 0 1 31492 31490 501525 112 116.637039185 116.629631042
120 68 2 0 31490 31489 505035 12 116.629631042 116.625923157
118 62 0 7 31489 31488 510705 20 116.625923157 116.622222900
110 69 2 0 31488 31482 515835 18 116.622222900 116.599998474
68 131 1 2 31482 31474 535545 72 116.599998474 116.570373535
60 145 1 3 31474 31473 560655 92 116.570373535 116.566665649
46 14 2 0 31473 31472 617355 209 116.566665649 116.562965393
282 11 0 3 31472 31458 617895 1 116.562965393 116.511108398
53 10 1 4 31458 31448 656775 143 116.511108398 116.474075317
45 88 1 0 31448 31442 712665 206 116.474075317 116.451850891
58 145 1 2 31442 31440 744795 118 116.451850891 116.444442749
48 43 1 4 31440 31438 795555 187 116.444442749 116.437034607
49 36 1 5 31438 31437 843345 176 116.437034607 116.433334351
80 94 0 7 31437 31433 857385 51 116.433334351 116.418518066
56 56 1 5 31433 31425 891405 125 116.418518066 116.388885498
46 142 1 2 31425 31423 945945 201 116.388885498 116.381484985
42 147 0 3 31423 31411 1009665 235 116.381484985 116.337036133
62 132 2 0 31411 31410 1036395 98 116.337036133 116.333335876
58 130 1 2 31410 31406 1066635 111 116.333335876 116.318519592
