SetMedian AvgDist: 114.88148 TotalDist: 48465
C 3333333333345455555556567677001111076766666656566565656555555544434433333432333333332332323433444566667677677776777076770777777770770700000011101111111211111221211222122222232232
Mean AvgDist: 106.63333 TotalDist: 954045
C 3333333444455555555656667777001111077776676666666566565555555554443433333333333333332333233334455566677677777777777777777777770770700000101111111111111212112221222222222232233233
Time taken by program is : 69.91157sec
342 34 0 7 31018 31005 49545 2 114.881484985 114.833335876
204 178 0 3 31005 30906 50355 2 114.833335876 114.466667175
194 179 0 3 30906 30854 51165 2 114.466667175 114.274070740
174 0 2 0 30854 30759 51975 2 114.274070740 113.922225952
165 115 1 7 30759 30577 53595 5 113.922225952 113.248146057
153 120 1 7 30577 30437 55755 7 113.248146057 112.729629517
146 0 2 0 30437 30405 57915 7 112.729629517 112.611114502
162 11 0 5 30405 30375 59535 5 112.611114502 112.500000000
144 75 2 0 30375 30244 61695 7 112.500000000 112.014816284
140 90 1 3 30244 30120 64395 9 112.014816284 111.555557251
129 116 1 7 30120 30010 67635 11 111.555557251 111.148147583
126 44 2 0 30010 29942 71145 12 111.148147583 110.896293640
178 32 0 0 29942 29940 72495 4 110.896293640 110.888885498
122 73 1 3 29940 29868 76275 13 110.888885498 110.622222900
116 97 2 0 29868 29804 80325 14 110.622222900 110.385185242
117 95 1 5 29804 29704 84375 14 110.385185242 110.014816284
138 67 0 3 29704 29700 87345 10 110.014816284 110.000000000
116 33 2 0 29700 29686 90855 12 110.000000000 109.948150635
117 34 1 7 29686 29616 94095 11 109.948150635 109.688888550
112 31 0 0 29616 29608 98145 14 109.688888550 109.659255981
114 69 2 0 29608 29573 101925 13 109.659255981 109.529632568
108 100 2 0 29573 29563 106785 17 109.529632568 109.492591858
124 176 0 3 29563 29556 110295 12 109.492591858 109.466667175
111 175 1 2 29556 29475 115155 17 109.466667175 109.166664124
108 148 2 0 29475 29430 120555 19 109.166664124 109.000000000
108 172 0 2 29430 29419 125955 19 109.000000000 108.959259033
107 31 1 1 29419 29364 132165 22 108.959259033 108.755554199
102 46 2 0 29364 29357 140265 29 108.755554199 108.729629517
110 38 0 6 29357 29352 146475 22 108.729629517 108.711112976
102 86 2 0 29352 29330 154035 27 108.711112976 108.629631042
99 176 1 3 29330 29286 162945 32 108.629631042 108.466667175
96 152 2 0 29286 29271 173205 37 108.466667175 108.411109924
114 171 0 2 29271 29263 178605 19 108.411109924 108.381484985
94 136 2 0 29263 29251 189405 39 108.381484985 108.337036133
114 151 0 1 29251 29247 195075 20 108.337036133 108.322219849
100 136 2 0 29247 29226 202365 26 108.322219849 108.244445801
96 171 0 2 29226 29219 211545 33 108.244445801 108.218521118
89 24 1 7 29219 29201 224775 48 108.218521118 108.151855469
124 21 0 6 29201 29176 229365 16 108.151855469 108.059257507
100 50 2 0 29176 29170 236925 27 108.059257507 108.037040710
104 52 0 5 29170 29164 243945 25 108.037040710 108.014816284
88 171 1 3 29164 29138 256905 47 108.014816284 107.918518066
94 167 2 0 29138 29124 268245 41 107.918518066 107.866668701
83 108 1 7 29124 29114 283635 56 107.866668701 107.829627991
82 172 0 2 29114 29088 299835 59 107.829627991 107.733329773
78 7 1 4 29088 29025 317115 63 107.733329773 107.500000000
76 22 2 0 29025 28989 335205 66 107.500000000 107.366668701
124 20 0 5 28989 28966 339795 16 107.366668701 107.281478882
128 10 2 0 28966 28965 343575 13 107.281478882 107.277778625
126 20 0 5 28965 28938 348165 16 107.277778625 107.177780151
67 135 1 1 28938 28935 373005 91 107.177780151 107.166664124
84 135 2 0 28935 28917 387855 54 107.166664124 107.099998474
67 48 1 5 28917 28895 412155 89 107.099998474 107.018516541
198 100 0 7 28895 28894 413235 3 107.018516541 107.014816284
116 105 2 0 28894 28890 419175 21 107.014816284 107.000000000
83 69 1 3 28890 28886 434835 57 107.000000000 106.985183716
80 38 0 7 28886 28878 451575 61 106.985183716 106.955558777
134 10 2 0 28878 28877 455355 13 106.955558777 106.951850891
120 20 0 5 28877 28864 460755 19 106.951850891 106.903701782
110 52 2 0 28864 28863 468315 27 106.903701782 106.900001526
78 55 1 5 28863 28844 486675 67 106.900001526 106.829627991
56 97 1 5 28844 28826 519615 121 106.829627991 106.762962341
78 126 0 7 28826 28822 537165 64 106.762962341 106.748146057
56 19 1 6 28822 28816 571995 128 106.748146057 106.725929260
54 8 1 4 28816 28806 609795 139 106.725929260 106.688888550
50 170 0 2 28806 28798 655425 168 106.688888550 106.659255981
120 100 2 0 28798 28791 661095 20 106.659255981 106.633331299
