SetMedian AvgDist: 102.74815 TotalDist: 48465
D 334443333333334434344444544445454554455555555556565556676676676676777777777777777777777011111111111211111121111211111121111111111111111
Mean AvgDist: 98.34074 TotalDist: 771795
D 333333333343343434344444454445454555555555556556565666666676676776776777777777777777777700111111211221111112111121111112111111111111112122
Time taken by program is : 61.84228sec
498 0 0 3 27742 27722 49005 0 102.748146057 102.674072266
308 136 0 3 27722 27719 49545 1 102.674072266 102.662963867
234 65 0 7 27719 27640 50355 2 102.662963867 102.370368958
236 66 0 7 27640 27632 51165 2 102.370368958 102.340744019
192 4 2 0 27632 27476 52785 5 102.340744019 101.762962341
168 4 2 0 27476 27356 54945 7 101.762962341 101.318519592
130 4 2 0 27356 27308 58185 11 101.318519592 101.140739441
124 50 0 6 27308 27257 61425 11 101.140739441 100.951850891
142 0 2 0 27257 27250 64125 9 100.951850891 100.925926208
120 135 1 1 27250 27241 67095 10 100.925926208 100.892593384
118 89 2 0 27241 27216 70065 10 100.892593384 100.800003052
116 135 1 2 27216 27112 73575 12 100.800003052 100.414817810
105 34 1 5 27112 27052 78165 16 100.414817810 100.192588806
230 12 0 3 27052 27049 78975 2 100.192588806 100.181480408
106 52 1 6 27049 26962 83295 15 100.181480408 99.859260559
104 55 2 0 26962 26899 87345 14 99.859260559 99.625923157
99 134 1 2 26899 26840 92745 19 99.625923157 99.407409668
84 51 1 6 26840 26817 100845 29 99.407409668 99.322219849
84 14 0 3 26817 26785 108675 28 99.322219849 99.203704834
152 0 2 0 26785 26778 111105 8 99.203704834 99.177780151
96 14 0 3 26778 26775 116775 20 99.177780151 99.166664124
154 0 2 0 26775 26770 118935 7 99.166664124 99.148147583
98 19 0 3 26770 26766 124605 20 99.148147583 99.133331299
168 0 2 0 26766 26755 125955 4 99.133331299 99.092590332
91 23 1 4 26755 26699 132165 22 99.092590332 98.885185242
86 66 1 7 26699 26694 140535 30 98.885185242 98.866668701
79 34 1 5 26694 26692 152415 43 98.866668701 98.859260559
79 132 1 2 26692 26690 163485 40 98.859260559 98.851852417
96 121 0 2 26690 26687 170775 26 98.851852417 98.840744019
108 89 2 0 26687 26679 174825 14 98.840744019 98.811111450
72 87 1 0 26679 26627 187515 46 98.811111450 98.618515015
72 97 1 2 26627 26610 201285 50 98.618515015 98.555557251
73 120 1 1 26610 26594 214515 48 98.555557251 98.496299744
68 95 1 2 26594 26581 230985 60 98.496299744 98.448150635
61 43 1 6 26581 26571 251775 76 98.448150635 98.411109924
71 97 1 1 26571 26570 265815 51 98.411109924 98.407409668
58 27 0 5 26570 26569 290385 90 98.407409668 98.403701782
61 98 1 2 26569 26568 311445 77 98.403701782 98.400001526
53 27 1 4 26568 26566 342495 114 98.400001526 98.392593384
59 25 1 5 26566 26565 365445 84 98.392593384 98.388885498
40 98 0 1 26565 26559 429165 235 98.388885498 98.366668701
43 68 1 6 26559 26552 484515 204 98.366668701 98.340744019
