SetMedian AvgDist: 143.56667 TotalDist: 48465
F 3333333434655666677677770777777777777676555555543323332323343333345546676777777776777777766555565566565556656777700112111111112112211111122121111121121123223333323333333332333
Mean AvgDist: 132.07408 TotalDist: 1824795
F 333333333343445556676777777777777777777777766555655555433333333333333333334445566776777777776777777777776655556555556555666777700111111111121111121121111112111111112111121223332332332332333
Time taken by program is : 195.89571sec
2626 0 0 3 38763 38529 49005 0 143.566665649 142.699996948
2290 0 0 3 38529 38473 49275 0 142.699996948 142.492599487
486 43 0 5 38473 38419 50085 2 142.492599487 142.292587280
462 75 0 7 38419 38330 50895 2 142.292587280 141.962966919
408 55 0 3 38330 38174 51975 3 141.962966919 141.385177612
372 56 0 3 38174 38078 53325 4 141.385177612 141.029632568
334 78 0 7 38078 38011 54945 5 141.029632568 140.781478882
310 57 0 3 38011 37939 56565 5 140.781478882 140.514816284
282 58 0 3 37939 37899 58185 5 140.514816284 140.366668701
232 81 0 7 37899 37840 60075 6 140.366668701 140.148147583
210 126 0 1 37840 37831 61965 6 140.148147583 140.114822388
198 82 0 7 37831 37829 64125 7 140.114822388 140.107406616
194 0 2 0 37829 37815 66285 7 140.107406616 140.055557251
194 166 2 0 37815 37711 68445 7 140.055557251 139.670364380
178 168 2 0 37711 37658 71685 11 139.670364380 139.474075317
180 168 2 0 37658 37630 75195 12 139.474075317 139.370376587
154 18 0 7 37630 37615 80325 18 139.370376587 139.314819336
147 68 1 3 37615 37510 85455 18 139.314819336 138.925918579
166 63 2 0 37510 37421 89775 15 138.925918579 138.596298218
164 64 0 3 37421 37406 94095 15 138.596298218 138.540740967
147 28 1 7 37406 37250 99225 18 138.540740967 137.962966919
142 59 2 0 37250 37198 105165 21 137.962966919 137.770370483
130 127 1 1 37198 37071 112185 25 137.770370483 137.300003052
138 172 2 0 37071 37065 118395 22 137.300003052 137.277770996
114 111 1 5 37065 36974 127845 34 137.277770996 136.940734863
113 76 1 5 36974 36823 137565 35 136.940734863 136.381484985
210 64 0 3 36823 36822 141075 12 136.381484985 136.377777100
114 43 2 0 36822 36817 150255 33 136.377777100 136.359252930
111 19 1 7 36817 36727 160245 36 136.359252930 136.025924683
120 11 0 4 36727 36722 168885 31 136.025924683 136.007400513
110 65 2 0 36722 36702 179145 37 136.007400513 135.933334351
107 151 1 1 36702 36632 189405 37 135.933334351 135.674072266
128 172 2 0 36632 36628 197505 29 135.674072266 135.659255981
240 167 0 3 36628 36626 199935 8 135.659255981 135.651855469
106 84 1 7 36626 36552 210195 37 135.651855469 135.377777100
104 12 2 0 36552 36517 220455 37 135.377777100 135.248153687
514 10 0 3 36517 36511 221265 2 135.248153687 135.225921631
101 130 1 1 36511 36417 231795 38 135.225921631 134.877777100
114 142 0 1 36417 36349 240435 31 134.877777100 134.625930786
168 168 2 0 36349 36347 244755 15 134.625930786 134.618515015
101 14 1 5 36347 36248 255285 38 134.618515015 134.251846313
102 24 1 7 36248 36218 265815 38 134.251846313 134.140747070
196 0 2 0 36218 36217 269325 12 134.140747070 134.137039185
100 142 0 1 36217 36163 279585 37 134.137039185 133.937042236
100 118 2 0 36163 36087 290115 38 133.937042236 133.655548096
94 11 0 3 36087 36068 302535 45 133.655548096 133.585189819
92 163 1 1 36068 36031 315225 46 133.585189819 133.448150635
90 42 0 7 36031 36027 328185 47 133.448150635 133.433334351
88 111 1 5 36027 36010 341685 49 133.433334351 133.370376587
83 155 1 1 36010 35994 356535 54 133.370376587 133.311111450
88 144 2 0 35994 35987 370305 50 133.311111450 133.285186768
218 172 0 3 35987 35981 373275 10 133.285186768 133.262969971
80 73 0 4 35981 35946 390285 62 133.262969971 133.133331299
86 74 2 0 35946 35934 403515 48 133.133331299 133.088882446
86 73 0 3 35934 35929 417015 49 133.088882446 133.070373535
130 80 2 0 35929 35928 424305 26 133.070373535 133.066665649
224 94 0 7 35928 35897 427275 10 133.066665649 132.951858521
81 78 1 6 35897 35864 442935 57 132.951858521 132.829635620
80 166 0 2 35864 35840 458595 57 132.829635620 132.740737915
132 176 2 0 35840 35836 465885 26 132.740737915 132.725921631
78 48 0 6 35836 35813 483705 65 132.725921631 132.640747070
140 48 0 5 35813 35803 490185 23 132.640747070 132.603698730
118 19 2 0 35803 35790 498555 30 132.603698730 132.555557251
60 178 0 2 35790 35785 530145 116 132.555557251 132.537033081
136 179 2 0 35785 35783 536895 24 132.537033081 132.529632568
300 176 0 3 35783 35778 538245 4 132.529632568 132.511108398
144 179 0 3 35778 35775 544185 21 132.511108398 132.500000000
186 172 2 0 35775 35760 547965 13 132.500000000 132.444442749
59 43 1 6 35760 35756 580365 119 132.444442749 132.429626465
56 137 1 2 35756 35750 617085 135 132.429626465 132.407409668
77 141 1 1 35750 35744 637605 75 132.407409668 132.385177612
65 143 1 2 35744 35742 664065 97 132.385177612 132.377777100
51 74 1 4 35742 35739 708615 164 132.377777100 132.366668701
46 143 0 1 35739 35736 761265 194 132.366668701 132.355560303
182 173 2 0 35736 35729 764775 12 132.355560303 132.329635620
82 96 1 7 35729 35727 782055 63 132.329635620 132.322219849
160 81 2 0 35727 35717 787185 18 132.322219849 132.285186768
94 103 0 7 35717 35704 800955 50 132.285186768 132.237030029
71 137 1 1 35704 35695 822285 78 132.237030029 132.203704834
66 43 1 7 35695 35694 846045 87 132.203704834 132.199996948
57 138 1 2 35694 35686 881145 129 132.199996948 132.170364380
30 93 1 6 35686 35684 987255 392 132.170364380 132.162963867
12 128 0 0 35684 35677 1179495 711 132.162963867 132.137039185
122 84 2 0 35677 35675 1188405 32 132.137039185 132.129623413
104 103 0 7 35675 35674 1200555 44 132.129623413 132.125930786
75 173 1 3 35674 35672 1219995 71 132.125930786 132.118515015
174 173 2 0 35672 35670 1223775 13 132.118515015 132.111114502
59 43 1 6 35670 35669 1258335 127 132.111114502 132.107406616
45 42 1 7 35669 35668 1317465 218 132.107406616 132.103698730
24 182 0 2 35668 35660 1444095 468 132.103698730 132.074081421
