SetMedian AvgDist: 181.17036 TotalDist: 48465
G 33333445555555566770077776776766666666656566555665544334333333433220001111112123333333332333334433344454554656566667766677777677767777777767777777777070001111011111111212212111122211222122223232232333233
Mean AvgDist: 167.64444 TotalDist: 2940705
G 333333333444455555566777770777776767667666666656665565555555554443433333333323222007777001111223333333333333333333343445555666767767655656666676777677777777777777707707000001011111111111111121121212122212222222223223233233
Time taken by program is : 385.21516sec
1410 0 0 3 48916 48471 49005 0 181.170364380 179.522216797
906 0 0 3 48471 48288 49545 1 179.522216797 178.844451904
628 72 0 7 48288 48281 50085 1 178.844451904 178.818511963
582 59 0 3 48281 48220 50625 1 178.818511963 178.592590332
476 74 0 7 48220 48192 51705 3 178.592590332 178.488891602
470 60 0 3 48192 48167 52785 3 178.488891602 178.396301270
372 76 0 7 48167 48164 54135 4 178.396301270 178.385177612
322 54 0 4 48164 48094 55755 5 178.385177612 178.125930786
316 51 0 5 48094 48000 57375 5 178.125930786 177.777770996
310 52 0 5 48000 47932 58995 5 177.777770996 177.525924683
286 24 0 7 47932 47850 61155 7 177.525924683 177.222229004
244 74 0 2 47850 47799 63315 7 177.222229004 177.033340454
218 54 0 5 47799 47755 65745 8 177.033340454 176.870376587
160 85 2 0 47755 47617 71415 20 176.870376587 176.359252930
272 83 0 7 47617 47612 72495 3 176.359252930 176.340744019
152 86 2 0 47612 47508 79245 24 176.340744019 175.955551147
154 55 0 5 47508 47488 85725 23 175.955551147 175.881484985
144 57 1 5 47488 47333 92745 25 175.881484985 175.307403564
142 23 0 7 47333 47276 100035 26 175.307403564 175.096298218
140 88 2 0 47276 47259 106785 24 175.096298218 175.033340454
184 109 0 3 47259 47249 110295 12 175.033340454 174.996292114
144 64 2 0 47249 47231 116235 21 174.996292114 174.929626465
147 74 1 3 47231 47086 121635 19 174.929626465 174.392593384
126 24 0 7 47086 47072 131625 36 174.392593384 174.340744019
144 11 2 0 47072 47049 137565 21 174.340744019 174.255554199
124 91 2 0 47049 47023 147555 36 174.255554199 174.159255981
144 85 0 7 47023 47011 153495 21 174.159255981 174.114822388
123 153 1 7 47011 46924 163215 35 174.114822388 173.792587280
122 110 1 3 46924 46814 173475 37 173.792587280 173.385177612
122 212 2 0 46814 46770 183735 37 173.385177612 173.222229004
118 8 0 4 46770 46738 194805 40 173.222229004 173.103698730
114 103 2 0 46738 46666 206955 44 173.103698730 172.837036133
112 185 1 1 46666 46561 219375 45 172.837036133 172.448150635
115 121 1 5 46561 46411 230985 42 172.448150635 171.892593384
115 109 1 3 46411 46345 242595 42 171.892593384 171.648147583
108 125 1 7 46345 46304 257175 53 171.648147583 171.496292114
110 173 0 1 46304 46290 270135 47 171.496292114 171.444442749
105 58 1 5 46290 46208 284445 52 171.444442749 171.140747070
116 61 2 0 46208 46207 297135 46 171.140747070 171.137039185
130 76 0 3 46207 46200 305775 31 171.137039185 171.111114502
152 64 2 0 46200 46192 311715 21 171.111114502 171.081481934
128 76 0 3 46192 46176 320895 33 171.081481934 171.022216797
152 64 2 0 46176 46168 327105 22 171.022216797 170.992599487
128 76 0 3 46168 46164 336285 33 170.992599487 170.977783203
150 64 2 0 46164 46163 342225 21 170.977783203 170.974075317
124 76 0 3 46163 46155 352485 37 170.974075317 170.944442749
103 128 1 7 46155 46136 367605 55 170.944442749 170.874069214
100 201 1 2 46136 46082 384075 60 170.874069214 170.674072266
104 206 2 0 46082 46078 398925 54 170.674072266 170.659255981
104 183 0 1 46078 46049 413235 52 170.659255981 170.551849365
97 198 1 2 46049 45992 430245 62 170.551849365 170.340744019
97 192 1 2 45992 45931 447795 64 170.340744019 170.114822388
92 139 0 6 45931 45892 468045 74 170.114822388 169.970367432
102 135 2 0 45892 45884 484515 60 169.970367432 169.940734863
98 127 1 7 45884 45879 501525 62 169.940734863 169.922225952
87 184 1 1 45879 45826 524475 84 169.922225952 169.725921631
83 170 1 0 45826 45746 549045 90 169.725921631 169.429626465
84 118 1 5 45746 45714 573075 88 169.429626465 169.311111450
84 174 1 1 45714 45713 596835 87 169.311111450 169.307403564
84 135 2 0 45713 45689 621135 89 169.307403564 169.218521118
106 133 0 5 45689 45680 635715 53 169.218521118 169.185180664
88 136 2 0 45680 45675 658665 84 169.185180664 169.166671753
98 134 0 5 45675 45655 675405 61 169.166671753 169.092590332
100 123 1 7 45655 45640 691875 60 169.092590332 169.037033081
138 114 0 3 45640 45634 699705 28 169.037033081 169.014816284
98 124 2 0 45634 45630 717795 66 169.014816284 169.000000000
92 126 0 7 45630 45623 737775 73 169.000000000 168.974075317
86 135 0 6 45623 45612 761535 87 168.974075317 168.933334351
124 125 2 0 45612 45591 772605 40 168.933334351 168.855560303
82 135 0 6 45591 45579 798255 94 168.855560303 168.811111450
87 167 1 0 45579 45556 820935 83 168.811111450 168.725921631
94 164 1 0 45556 45514 840915 73 168.725921631 168.570373535
78 118 2 0 45514 45511 868995 103 168.570373535 168.559265137
150 125 0 7 45511 45508 876015 25 168.559265137 168.548141479
74 27 1 7 45508 45507 906795 113 168.548141479 168.544448853
73 134 1 5 45507 45505 939195 119 168.544448853 168.537033081
102 136 0 6 45505 45504 957015 65 168.537033081 168.533340454
124 124 2 0 45504 45491 967545 38 168.533340454 168.485183716
98 129 2 0 45491 45487 985635 66 168.485183716 168.470367432
148 125 0 7 45487 45475 992385 24 168.470367432 168.425918579
63 139 1 6 45475 45452 1034775 156 168.425918579 168.340744019
66 164 0 7 45452 45450 1074735 147 168.340744019 168.333328247
124 124 2 0 45450 45444 1085805 40 168.333328247 168.311111450
78 200 2 0 45444 45443 1113345 101 168.311111450 168.307403564
70 193 1 2 45443 45437 1146825 123 168.307403564 168.285186768
77 134 1 5 45437 45436 1174635 102 168.285186768 168.281478882
64 161 1 0 45436 45432 1216215 153 168.281478882 168.266662598
152 125 0 7 45432 45428 1222965 24 168.266662598 168.251846313
63 121 1 6 45428 45425 1265355 156 168.251846313 168.240737915
61 34 1 6 45425 45423 1311525 170 168.240737915 168.233337402
162 65 2 0 45423 45420 1317735 22 168.233337402 168.222229004
56 91 1 1 45420 45404 1370115 193 168.222229004 168.162963867
55 9 1 4 45404 45395 1423575 197 168.162963867 168.129623413
130 12 2 0 45395 45384 1433025 34 168.129623413 168.088882446
170 8 0 3 45384 45383 1438425 19 168.088882446 168.085189819
65 25 1 7 45383 45382 1478655 148 168.085189819 168.081481934
54 65 0 4 45382 45374 1535355 209 168.081481934 168.051849365
56 78 1 2 45374 45371 1588005 194 168.051849365 168.040740967
192 82 2 0 45371 45366 1591515 12 168.040740967 168.022216797
74 78 0 3 45366 45364 1622835 115 168.022216797 168.014816284
156 66 2 0 45364 45360 1628505 20 168.014816284 168.000000000
340 65 0 3 45360 45357 1629855 4 168.000000000 167.988891602
140 62 2 0 45357 45356 1638765 32 167.988891602 167.985183716
54 194 0 1 45356 45352 1695465 209 167.985183716 167.970367432
50 52 0 6 45352 45348 1759995 238 167.970367432 167.955551147
92 34 2 0 45348 45340 1781595 79 167.955551147 167.925918579
58 38 0 7 45340 45337 1830465 180 167.925918579 167.914810181
80 39 2 0 45337 45336 1858275 102 167.914810181 167.911117554
57 26 1 0 45336 45331 1911735 197 167.911117554 167.892593384
49 135 1 6 45331 45317 1979775 251 167.892593384 167.840744019
122 123 2 0 45317 45315 1992465 46 167.840744019 167.833328247
90 120 0 5 45315 45310 2014605 81 167.833328247 167.814819336
46 45 0 6 45310 45306 2089665 277 167.814819336 167.800003052
52 62 1 4 45306 45301 2152035 230 167.800003052 167.781478882
46 94 0 2 45301 45292 2228985 284 167.781478882 167.748153687
142 95 2 0 45292 45287 2237625 31 167.748153687 167.729629517
70 116 0 3 45287 45284 2272455 128 167.729629517 167.718521118
34 83 0 0 45284 45274 2390445 436 167.718521118 167.681488037
140 67 2 0 45274 45271 2399355 32 167.681488037 167.670364380
71 50 1 5 45271 45266 2434185 128 167.670364380 167.651855469
50 48 1 6 45266 45264 2501415 248 167.651855469 167.644439697
