SetMedian AvgDist: 179.07408 TotalDist: 48465
H 33345445556556556565655556555455556766556556555556566777011111111112110776777777765555555555555677777011111111111111111111112211121111121123334455555556555543332333232322111211111112211121122
Mean AvgDist: 165.40370 TotalDist: 2776275
H 33344555555555655555555555555565555565665555655556555556566777701111111112111110077777777777776655565556556556566777701111111211121112111211121211121121111211223344555555555555554333333333332221112111111211111121
Time taken by program is : 225.91691sec
838 70 0 7 48350 48268 49005 0 179.074081421 178.770370483
604 144 0 5 48268 48233 49275 0 178.770370483 178.640747070
448 56 0 1 48233 48211 49815 1 178.640747070 178.559265137
326 146 0 5 48211 48196 51435 5 178.559265137 178.503707886
308 126 0 1 48196 48124 52785 4 178.503707886 178.237030029
266 127 0 1 48124 48083 54675 6 178.237030029 178.085189819
246 128 0 1 48083 48067 56565 6 178.085189819 178.025924683
228 83 0 5 48067 47965 58455 6 178.025924683 177.648147583
220 55 0 0 47965 47932 60615 7 177.648147583 177.525924683
210 83 0 6 47932 47807 62505 6 177.525924683 177.062957764
204 37 0 5 47807 47681 64395 6 177.062957764 176.596298218
186 36 0 5 47681 47601 66825 8 176.596298218 176.300003052
176 73 0 0 47601 47569 68985 7 176.300003052 176.181488037
170 173 0 3 47569 47527 71145 7 176.181488037 176.025924683
154 79 0 7 47527 47404 74385 11 176.025924683 175.570373535
152 29 0 5 47404 47331 77355 10 175.570373535 175.300003052
144 6 1 5 47331 47198 81405 14 175.300003052 174.807403564
134 81 0 7 47198 47143 86805 19 174.807403564 174.603698730
154 157 2 0 47143 47141 90855 14 174.603698730 174.596298218
138 149 0 1 47141 47129 96255 19 174.596298218 174.551849365
144 150 0 1 47129 47122 101115 17 174.551849365 174.525924683
156 113 2 0 47122 47079 104625 12 174.525924683 174.366668701
134 82 0 7 47079 47058 110295 20 174.366668701 174.288894653
134 36 0 5 47058 47024 116235 21 174.288894653 174.162963867
134 115 2 0 47024 47003 121905 20 174.162963867 174.085189819
128 5 0 5 47003 46983 130005 29 174.085189819 174.011108398
162 160 2 0 46983 46982 134865 17 174.011108398 174.007400513
128 38 1 5 46982 46845 144045 33 174.007400513 173.500000000
126 185 2 0 46845 46816 154305 37 173.500000000 173.392593384
552 160 0 5 46816 46814 154575 0 173.392593384 173.385177612
194 179 0 3 46814 46790 157815 11 173.385177612 173.296295166
162 160 2 0 46790 46788 162135 15 173.296295166 173.288894653
124 122 0 2 46788 46769 173475 41 173.288894653 173.218521118
122 200 2 0 46769 46677 184545 40 173.218521118 172.877777100
180 180 0 3 46677 46670 187785 11 172.877777100 172.851852417
120 85 1 7 46670 46588 200745 47 172.851852417 172.548141479
146 78 2 0 46588 46498 206145 19 172.548141479 172.214813232
119 60 1 7 46498 46379 219375 48 172.214813232 171.774078369
116 76 1 1 46379 46275 233415 51 171.774078369 171.388885498
124 62 2 0 46275 46209 245025 42 171.388885498 171.144439697
118 19 1 5 46209 46078 258525 49 171.144439697 170.659255981
116 121 2 0 46078 46061 273375 54 170.659255981 170.596298218
114 178 2 0 46061 45981 290115 61 170.596298218 170.300003052
114 122 0 2 45981 45977 307395 63 170.300003052 170.285186768
132 120 2 0 45977 45955 317385 36 170.285186768 170.203704834
114 67 0 2 45955 45948 334935 64 170.203704834 170.177780151
113 206 1 1 45948 45891 352485 64 170.177780151 169.966659546
110 167 0 5 45891 45844 370845 67 169.966659546 169.792587280
110 6 1 5 45844 45777 389475 68 169.792587280 169.544448853
108 183 2 0 45777 45730 408915 71 169.544448853 169.370376587
128 184 0 3 45730 45724 421875 47 169.370376587 169.348144531
102 11 1 5 45724 45678 441855 73 169.348144531 169.177780151
102 31 0 5 45678 45664 461025 70 169.177780151 169.125930786
106 193 2 0 45664 45655 479385 67 169.125930786 169.092590332
102 126 0 2 45655 45645 497745 67 169.092590332 169.055557251
101 110 1 6 45645 45562 516105 67 169.055557251 168.748153687
98 107 1 6 45562 45506 535815 72 168.748153687 168.540740967
96 32 2 0 45506 45434 556065 74 168.540740967 168.274078369
114 36 0 5 45434 45413 574155 66 168.274078369 168.196289062
96 204 1 1 45413 45388 594675 75 168.196289062 168.103698730
90 46 1 5 45388 45367 616545 80 168.103698730 168.025924683
88 170 0 5 45367 45365 640305 87 168.025924683 168.018524170
158 171 2 0 45365 45352 646785 23 168.018524170 167.970367432
88 127 2 0 45352 45346 671355 90 167.970367432 167.948150635
108 140 0 1 45346 45329 689175 65 167.948150635 167.885177612
86 97 0 6 45329 45300 713745 90 167.885177612 167.777770996
112 94 2 0 45300 45257 729675 58 167.777770996 167.618515015
84 49 0 5 45257 45252 756135 97 167.618515015 167.600006104
128 69 2 0 45252 45251 770445 52 167.600006104 167.596298218
98 75 0 1 45251 45199 791775 78 167.596298218 167.403701782
82 99 0 6 45199 45167 819045 100 167.403701782 167.285186768
87 93 1 7 45167 45146 843615 90 167.285186768 167.207412720
84 135 0 2 45146 45141 871425 102 167.207412720 167.188888550
104 129 2 0 45141 45102 891135 72 167.188888550 167.044448853
80 26 1 5 45102 45078 919215 103 167.044448853 166.955551147
80 138 0 2 45078 45075 946485 100 166.955551147 166.944442749
100 118 2 0 45075 45070 967275 76 166.944442749 166.925918579
80 106 1 6 45070 45036 994815 101 166.925918579 166.800003052
80 14 1 5 45036 45028 1022625 102 166.800003052 166.770370483
78 17 2 0 45028 45025 1051785 107 166.770370483 166.759262085
75 102 1 6 45025 45022 1084455 120 166.759262085 166.748153687
116 4 2 0 45022 45021 1102005 64 166.748153687 166.744445801
104 122 0 1 45021 45019 1122795 76 166.744445801 166.737030029
94 127 2 0 45019 45016 1145205 82 166.737030029 166.725921631
84 48 0 5 45016 45010 1174095 106 166.725921631 166.703704834
78 70 0 2 45010 45009 1204065 110 166.703704834 166.699996948
71 94 1 6 45009 44971 1237815 124 166.699996948 166.559265137
66 19 1 5 44971 44970 1277505 146 166.559265137 166.555557251
134 4 2 0 44970 44969 1288305 39 166.555557251 166.551849365
72 12 0 6 44969 44955 1321785 123 166.551849365 166.500000000
70 31 1 6 44955 44914 1356345 127 166.500000000 166.348144531
59 40 1 6 44914 44905 1405485 181 166.348144531 166.314819336
66 45 0 6 44905 44879 1442745 137 166.314819336 166.218521118
122 4 2 0 44879 44875 1457325 53 166.218521118 166.203704834
71 40 1 5 44875 44867 1489995 120 166.203704834 166.174072266
56 37 0 6 44867 44859 1544535 201 166.174072266 166.144439697
54 74 1 2 44859 44848 1604205 220 166.144439697 166.103698730
118 71 2 0 44848 44842 1620405 59 166.103698730 166.081481934
128 73 0 1 44842 44831 1633905 49 166.081481934 166.040740967
52 80 1 0 44831 44807 1697355 234 166.040740967 165.951858521
78 98 1 5 44807 44806 1728675 115 165.951858521 165.948150635
65 77 1 1 44806 44795 1770525 154 165.948150635 165.907409668
100 97 2 0 44795 44791 1791315 76 165.907409668 165.892593384
45 4 1 4 44791 44734 1875555 311 165.892593384 165.681488037
88 11 1 5 44734 44725 1900665 92 165.681488037 165.648147583
55 14 1 6 44725 44691 1958715 214 165.648147583 165.522216797
70 34 2 0 44691 44688 1991925 122 165.522216797 165.511108398
43 158 1 2 44688 44685 2085345 345 165.511108398 165.500000000
86 171 0 6 44685 44682 2112345 99 165.500000000 165.488891602
72 127 2 0 44682 44678 2145555 122 165.488891602 165.474075317
58 128 0 2 44678 44669 2197665 192 165.474075317 165.440734863
56 171 1 5 44669 44661 2257335 220 165.440734863 165.411117554
55 149 1 2 44661 44660 2316735 219 165.411117554 165.407409668
86 98 0 5 44660 44659 2342385 94 165.407409668 165.403701782
