SetMedian AvgDist: 172.21481 TotalDist: 48465
J 33333333333434555455567000776776655555556555555556555565556555656566666767676777777777077070000111111223332323432333334333433221211111111212111121111110077777767767770011111233333323333333233
Mean AvgDist: 159.79259 TotalDist: 1641195
J 33333334333445556667777777777776655555555555555555555555556555656666676777777777777770770700000011111122333343444434333333333222221111111111111111111111007777777777770011112233233333332323
Time taken by program is : 178.37403sec
322 28 0 7 46498 46377 51165 8 172.214813232 171.766662598
330 29 0 7 46377 46298 53595 8 171.766662598 171.474075317
278 30 0 7 46298 46255 56025 8 171.474075317 171.314819336
218 177 2 0 46255 46221 59535 12 171.314819336 171.188888550
222 177 2 0 46221 46193 63045 12 171.188888550 171.085189819
226 177 2 0 46193 46180 66555 12 171.085189819 171.037033081
216 0 2 0 46180 46122 70065 12 171.037033081 170.822219849
204 0 2 0 46122 46092 73845 13 170.822219849 170.711105347
198 29 0 7 46092 46055 78165 15 170.711105347 170.574081421
186 21 2 0 46055 45910 83565 19 170.574081421 170.037033081
212 19 0 7 45910 45907 87345 13 170.037033081 170.025924683
184 22 2 0 45907 45771 92475 18 170.025924683 169.522216797
206 20 0 7 45771 45767 96525 14 169.522216797 169.507400513
176 23 2 0 45767 45642 101925 19 169.507400513 169.044448853
174 160 2 0 45642 45553 107865 21 169.044448853 168.714813232
238 162 0 7 45553 45550 111375 12 168.714813232 168.703704834
172 163 2 0 45550 45463 117315 21 168.703704834 168.381484985
160 109 1 4 45463 45228 124335 25 168.381484985 167.511108398
153 77 1 7 45228 45103 131625 26 167.511108398 167.048141479
166 21 0 7 45103 45098 138105 23 167.048141479 167.029632568
146 96 0 1 45098 45052 146205 29 167.029632568 166.859252930
136 140 0 1 45052 45051 154845 31 166.859252930 166.855560303
132 19 2 0 45051 45049 164025 33 166.855560303 166.848144531
132 29 0 7 45049 45040 173205 33 166.848144531 166.814819336
132 19 2 0 45040 45030 182115 32 166.814819336 166.777770996
128 29 0 7 45030 45014 191565 34 166.777770996 166.718521118
144 19 2 0 45014 44997 199125 27 166.718521118 166.655548096
178 29 0 7 44997 44986 204255 18 166.655548096 166.614822388
124 12 1 3 44986 44928 214785 38 166.614822388 166.399993896
192 0 2 0 44928 44904 219105 15 166.399993896 166.311111450
124 142 1 1 44904 44767 229365 37 166.311111450 165.803710938
121 75 1 7 44767 44697 239625 37 165.803710938 165.544448853
122 108 2 0 44697 44541 249885 37 165.544448853 164.966659546
134 108 0 4 44541 44536 258255 30 164.966659546 164.948150635
142 114 2 0 44536 44327 265815 27 164.948150635 164.174072266
115 41 1 5 44327 44216 276615 39 164.174072266 163.762969971
114 55 1 5 44216 44125 287415 39 163.762969971 163.425918579
114 50 1 5 44125 44040 299025 42 163.425918579 163.111114502
113 146 1 1 44040 43931 310365 41 163.111114502 162.707412720
109 139 1 1 43931 43853 322245 43 162.707412720 162.418518066
112 128 2 0 43853 43839 334125 43 162.418518066 162.366668701
114 123 1 3 43839 43722 345195 40 162.366668701 161.933334351
108 87 0 7 43722 43684 357615 45 161.933334351 161.792587280
101 173 1 2 43684 43661 371385 50 161.792587280 161.707412720
220 175 2 0 43661 43653 374895 12 161.707412720 161.677780151
94 110 0 4 43653 43641 389205 52 161.677780151 161.633331299
94 12 1 3 43641 43611 402975 50 161.633331299 161.522216797
186 0 2 0 43611 43610 407835 17 161.522216797 161.518524170
194 28 0 7 43610 43607 412155 15 161.518524170 161.507400513
92 9 1 3 43607 43604 426465 52 161.507400513 161.496292114
94 12 1 4 43604 43561 440775 52 161.496292114 161.337036133
81 71 1 7 43561 43546 459135 67 161.337036133 161.281478882
81 16 1 6 43546 43543 476955 65 161.281478882 161.270370483
79 127 1 2 43543 43485 496665 72 161.270370483 161.055557251
78 90 1 0 43485 43479 516915 74 161.055557251 161.033340454
77 105 1 3 43479 43475 537435 75 161.033340454 161.018524170
78 126 1 2 43475 43462 557145 72 161.018524170 160.970367432
85 121 1 3 43462 43448 574155 62 160.970367432 160.918518066
96 131 2 0 43448 43441 588735 53 160.918518066 160.892593384
76 29 1 7 43441 43429 608445 72 160.892593384 160.848144531
144 18 2 0 43429 43410 616005 27 160.848144531 160.777770996
70 110 1 4 43410 43390 641385 93 160.777770996 160.703704834
82 114 2 0 43390 43375 659475 66 160.703704834 160.648147583
92 107 0 4 43375 43361 675135 57 160.648147583 160.596298218
68 186 0 2 43361 43345 701865 98 160.596298218 160.537033081
68 65 1 6 43345 43323 729675 102 160.537033081 160.455551147
81 68 1 7 43323 43318 748845 70 160.455551147 160.437042236
70 102 1 2 43318 43296 774225 93 160.437042236 160.355560303
122 58 0 5 43296 43293 783945 35 160.355560303 160.344451904
76 116 2 0 43293 43287 805005 77 160.344451904 160.322219849
100 73 1 7 43287 43282 819855 54 160.322219849 160.303710938
80 97 1 1 43282 43279 838755 69 160.303710938 160.292587280
73 92 1 0 43279 43258 860625 80 160.292587280 160.214813232
74 85 1 0 43258 43240 881955 78 160.214813232 160.148147583
73 104 1 3 43240 43239 904365 82 160.148147583 160.144439697
65 102 1 2 43239 43213 933255 106 160.144439697 160.048141479
67 64 1 6 43213 43212 959715 97 160.048141479 160.044448853
62 13 0 5 43212 43199 991305 116 160.044448853 159.996292114
118 8 2 0 43199 43191 1001835 38 159.996292114 159.966659546
74 12 1 4 43191 43184 1025055 85 159.966659546 159.940734863
69 13 1 5 43184 43162 1049625 90 159.940734863 159.859252930
62 64 0 5 43162 43161 1082295 120 159.859252930 159.855560303
70 33 2 0 43161 43150 1106595 89 159.855560303 159.814819336
24 18 0 6 43150 43146 1251585 536 159.814819336 159.800003052
138 19 2 0 43146 43144 1259955 30 159.800003052 159.792587280
