SetMedian AvgDist: 182.47408 TotalDist: 48465
K 33345555455555555555543332322333222322322322222234455555656666666766766767667765543445444444444445455567677770000000000000070707655555565565556555667777011111121211121111111112111112111112111111111111111112
Mean AvgDist: 170.35556 TotalDist: 2269215
K 33344555555565565554323232232223222222333455656666667666766766766655444444444544454444454555667777700100001000000000000707766556555565555656677770111111111211211112111111211111211112121121112212112112
Time taken by program is : 177.33160sec
348 109 0 1 49268 49246 49005 0 182.474075317 182.392593384
260 29 2 0 49246 49021 49815 2 182.392593384 181.559265137
230 29 2 0 49021 48841 50895 3 181.559265137 180.892593384
218 27 2 0 48841 48704 51975 3 180.892593384 180.385177612
222 22 2 0 48704 48599 53055 3 180.385177612 179.996292114
208 107 0 1 48599 48498 54405 4 179.996292114 179.622222900
208 22 2 0 48498 48408 55485 3 179.622222900 179.288894653
202 23 2 0 48408 48344 56835 4 179.288894653 179.051849365
202 26 2 0 48344 48296 58185 4 179.051849365 178.874069214
198 22 2 0 48296 48269 59805 5 178.874069214 178.774078369
192 28 2 0 48269 48257 61695 6 178.774078369 178.729629517
190 187 0 2 48257 48218 64395 9 178.729629517 178.585189819
182 4 2 0 48218 48133 68715 15 178.585189819 178.270370483
200 4 2 0 48133 48037 70875 7 178.270370483 177.914810181
198 36 0 3 48037 48033 73035 7 177.914810181 177.899993896
182 4 2 0 48033 47982 77085 14 177.899993896 177.711105347
168 36 2 0 47982 47979 83565 23 177.711105347 177.699996948
318 29 0 2 47979 47966 84915 4 177.699996948 177.651855469
168 189 0 2 47966 47932 91935 25 177.651855469 177.525924683
166 101 0 1 47932 47888 99225 26 177.525924683 177.362960815
156 151 2 0 47888 47819 107865 31 177.362960815 177.107406616
152 77 0 3 47819 47811 116235 30 177.107406616 177.077774048
150 4 2 0 47811 47775 125685 34 177.077774048 176.944442749
154 25 2 0 47775 47774 134325 31 176.944442749 176.940734863
172 19 0 3 47774 47754 140535 22 176.940734863 176.866668701
136 121 2 0 47754 47666 151605 40 176.866668701 176.540740967
132 37 2 0 47666 47602 163215 42 176.540740967 176.303710938
132 24 0 2 47602 47600 175095 43 176.303710938 176.296295166
126 121 2 0 47600 47552 188325 48 176.296295166 176.118515015
123 93 1 7 47552 47490 202635 52 176.118515015 175.888885498
122 121 2 0 47490 47471 216945 52 175.888885498 175.818511963
166 181 0 2 47471 47469 224505 27 175.818511963 175.811111450
118 142 2 0 47469 47451 239625 55 175.811111450 175.744445801
130 148 2 0 47451 47424 253395 50 175.744445801 175.644439697
160 188 0 2 47424 47390 262305 32 175.644439697 175.518524170
124 142 2 0 47390 47384 276885 53 175.518524170 175.496292114
144 183 0 2 47384 47381 289305 45 175.496292114 175.485183716
110 142 2 0 47381 47379 305775 60 175.485183716 175.477783203
114 192 0 2 47379 47335 321165 56 175.477783203 175.314819336
109 98 1 0 47335 47199 337635 60 175.314819336 174.811111450
107 43 1 6 47199 47123 354375 61 174.811111450 174.529632568
112 64 2 0 47123 47000 370305 58 174.529632568 174.074081421
106 152 0 2 47000 46981 387855 64 174.074081421 174.003707886
104 102 0 1 46981 46955 406215 67 174.003707886 173.907409668
108 149 2 0 46955 46954 422415 59 173.907409668 173.903701782
122 142 2 0 46954 46946 437265 54 173.903701782 173.874069214
108 121 0 6 46946 46918 453195 58 173.874069214 173.770370483
104 155 0 2 46918 46897 470745 64 173.770370483 173.692596436
106 122 2 0 46897 46883 487755 62 173.692596436 173.640747070
98 11 0 6 46883 46828 508005 74 173.640747070 173.437042236
158 31 2 0 46828 46824 517455 34 173.437042236 173.422225952
144 21 0 3 46824 46823 528525 40 173.422225952 173.418518066
132 11 0 5 46823 46815 541215 46 173.418518066 173.388885498
198 20 2 0 46815 46810 544725 12 173.388885498 173.370376587
132 25 0 3 46810 46800 557955 48 173.370376587 173.333328247
194 20 2 0 46800 46792 561465 12 173.333328247 173.303710938
102 30 0 3 46792 46788 579825 67 173.303710938 173.288894653
93 71 1 4 46788 46686 600075 74 173.288894653 172.911117554
90 77 0 5 46686 46663 620595 75 172.911117554 172.825927734
91 77 1 4 46663 46616 641385 76 172.825927734 172.651855469
96 78 1 5 46616 46578 661365 73 172.651855469 172.511108398
88 74 1 4 46578 46552 682965 79 172.511108398 172.414810181
89 103 1 0 46552 46494 704565 79 172.414810181 172.199996948
88 187 2 0 46494 46493 727515 84 172.199996948 172.196289062
162 192 0 2 46493 46464 736965 34 172.196289062 172.088882446
88 55 2 0 46464 46438 760185 85 172.088882446 171.992599487
91 44 1 6 46438 46420 782865 83 171.992599487 171.925918579
88 44 2 0 46420 46363 806085 85 171.925918579 171.714813232
86 78 0 3 46363 46360 830115 88 171.714813232 171.703704834
85 78 1 4 46360 46320 854955 91 171.703704834 171.555557251
84 189 1 2 46320 46301 880605 94 171.555557251 171.485183716
82 107 0 1 46301 46282 906525 95 171.485183716 171.414810181
92 104 2 0 46282 46271 928665 81 171.414810181 171.374069214
78 120 0 7 46271 46264 955935 100 171.374069214 171.348144531
72 117 1 0 46264 46245 988875 121 171.348144531 171.277770996
70 81 1 5 46245 46243 1025865 136 171.277770996 171.270370483
72 44 2 0 46243 46234 1060155 126 171.270370483 171.237030029
83 43 1 6 46234 46228 1086075 95 171.237030029 171.214813232
68 174 2 0 46228 46219 1125225 144 171.214813232 171.181488037
74 167 0 1 46219 46204 1156005 113 171.181488037 171.125930786
66 137 0 5 46204 46203 1197045 151 171.125930786 171.122222900
116 124 2 0 46203 46202 1214055 62 171.122222900 171.118515015
70 136 0 6 46202 46182 1249425 130 171.118515015 171.044448853
65 15 1 6 46182 46168 1292895 160 171.044448853 170.992599487
60 122 1 7 46168 46166 1347435 201 170.992599487 170.985183716
94 118 2 0 46166 46146 1370115 83 170.985183716 170.911117554
90 135 0 5 46146 46135 1393335 85 170.911117554 170.870376587
116 123 2 0 46135 46131 1409805 60 170.870376587 170.855560303
70 130 0 5 46131 46126 1446255 134 170.855560303 170.837036133
59 92 1 6 46126 46102 1502415 207 170.837036133 170.748153687
57 37 1 3 46102 46074 1562085 220 170.748153687 170.644439697
244 30 0 2 46074 46069 1563705 5 170.644439697 170.625930786
54 64 1 6 46069 46060 1633635 258 170.625930786 170.592590332
100 63 0 7 46060 46058 1654155 75 170.592590332 170.585189819
82 61 2 0 46058 46034 1680615 97 170.585189819 170.496292114
73 76 1 4 46034 46026 1714095 123 170.496292114 170.466659546
75 77 1 5 46026 46019 1745415 115 170.466659546 170.440734863
72 44 2 0 46019 46016 1778625 122 170.440734863 170.429626465
96 55 0 6 46016 46007 1800495 80 170.429626465 170.396301270
57 52 1 7 46007 45996 1860165 220 170.396301270 170.355560303
