SetMedian AvgDist: 85.35555 TotalDist: 48465
L 33334455555556555655655555565555655654333234332333333333333333434445666776707777777777677777777677676677770011111111112111121111211111212111111211112123
Mean AvgDist: 79.27407 TotalDist: 613035
L 33344555555556555655655655565565655554333333333333333333333334455566767777777777777777777777677777777700111111121121211211121121111211211111111112
Time taken by program is : 48.83353sec
200 151 2 0 23046 22777 49545 2 85.355552673 84.359260559
192 41 2 0 22777 22622 50355 2 84.359260559 83.785186768
168 74 2 0 22622 22467 51435 3 83.785186768 83.211112976
142 45 2 0 22467 22348 53055 5 83.211112976 82.770370483
136 105 2 0 22348 22334 55215 7 82.770370483 82.718521118
130 0 2 0 22334 22310 57645 8 82.718521118 82.629631042
129 97 1 7 22310 22212 60345 9 82.629631042 82.266670227
142 82 0 7 22212 22210 62775 8 82.266670227 82.259262085
150 37 2 0 22210 22208 64665 6 82.259262085 82.251853943
160 34 0 5 22208 22207 66555 6 82.251853943 82.248146057
142 68 2 0 22207 22197 68445 6 82.248146057 82.211112976
146 82 0 7 22197 22194 70335 6 82.211112976 82.199996948
138 59 0 3 22194 22187 71955 5 82.199996948 82.174072266
154 38 2 0 22187 22186 73575 5 82.174072266 82.170372009
140 59 0 3 22186 22181 75195 5 82.170372009 82.151855469
146 38 2 0 22181 22180 76815 5 82.151855469 82.148147583
130 59 0 3 22180 22169 78705 6 82.148147583 82.107406616
150 38 2 0 22169 22168 80325 5 82.107406616 82.103706360
132 83 2 0 22168 22063 82215 6 82.103706360 81.714813232
134 38 0 3 22063 22060 84375 7 81.714813232 81.703704834
121 64 1 5 22060 21954 87075 9 81.703704834 81.311111450
114 39 1 3 21954 21901 90315 11 81.311111450 81.114814758
110 144 1 1 21901 21864 94095 13 81.114814758 80.977775574
108 35 2 0 21864 21788 98685 16 80.977775574 80.696296692
108 94 2 0 21788 21747 102465 13 80.696296692 80.544441223
124 91 0 7 21747 21736 105165 9 80.544441223 80.503700256
112 65 2 0 21736 21731 108405 11 80.503700256 80.485183716
140 91 0 7 21731 21729 110835 8 80.485183716 80.477775574
120 67 2 0 21729 21722 114075 11 80.477775574 80.451850891
130 91 0 7 21722 21717 116775 9 80.451850891 80.433334351
98 96 2 0 21717 21681 121635 17 80.433334351 80.300003052
188 92 0 7 21681 21675 122985 4 80.300003052 80.277778625
86 12 0 5 21675 21646 129735 24 80.277778625 80.170372009
78 63 1 5 21646 21637 139185 34 80.170372009 80.137039185
79 118 1 2 21637 21604 148095 32 80.137039185 80.014816284
68 127 1 2 21604 21584 162675 53 80.014816284 79.940742493
82 112 0 2 21584 21582 171045 30 79.940742493 79.933334351
92 119 2 0 21582 21580 177525 23 79.933334351 79.925926208
80 130 1 1 21580 21553 186975 34 79.925926208 79.825927734
72 135 1 2 21553 21537 198855 43 79.825927734 79.766670227
88 139 1 1 21537 21531 206415 27 79.766670227 79.744445801
70 120 2 0 21531 21522 220725 52 79.744445801 79.711112976
128 112 0 1 21522 21519 224235 12 79.711112976 79.699996948
72 95 2 0 21519 21514 235845 42 79.699996948 79.681480408
72 117 0 2 21514 21513 247725 43 79.681480408 79.677780151
102 104 2 0 21513 21495 252315 16 79.677780151 79.611114502
68 23 1 6 21495 21464 265545 48 79.611114502 79.496299744
67 30 1 6 21464 21451 278775 48 79.496299744 79.448150635
60 61 2 0 21451 21441 299565 76 79.448150635 79.411109924
96 60 0 3 21441 21418 304965 19 79.411109924 79.325927734
148 68 0 7 21418 21417 307395 8 79.325927734 79.322219849
150 70 2 0 21417 21408 309825 8 79.322219849 79.288887024
74 94 1 7 21408 21406 319815 36 79.288887024 79.281478882
42 92 1 6 21406 21404 363285 160 79.281478882 79.274070740
