SetMedian AvgDist: 221.60370 TotalDist: 48465
M 333434554554555555542222222212323234344545555555555655555555655555655565555567777011111111111211111111211111106666676666667777001011211111111106665565665555666556566556565565556767007010112121121221121212111221121212121222223233
Mean AvgDist: 205.47408 TotalDist: 2997675
M 33334444554555555543222222223333444555555555555555555555555555555555656677770011111111111111211111111111007666666656665666566667777001111111111011100766565655655656555656556556667777011111111121121112121121212112121121212221212212222
Time taken by program is : 280.42579sec
470 109 0 7 59833 59796 49545 2 221.603698730 221.466659546
586 110 0 6 59796 59702 49815 0 221.466659546 221.118515015
368 120 0 5 59702 59519 50895 3 221.118515015 220.440734863
362 121 0 5 59519 59394 51975 3 220.440734863 219.977783203
308 122 0 5 59394 59301 53595 5 219.977783203 219.633331299
284 123 0 5 59301 59227 55215 5 219.633331299 219.359252930
276 189 0 1 59227 59216 56835 5 219.359252930 219.318511963
248 124 0 5 59216 59183 58995 7 219.318511963 219.196289062
230 125 0 5 59183 59162 61155 7 219.196289062 219.118515015
226 28 2 0 59162 59042 63315 7 219.118515015 218.674072266
218 20 2 0 59042 58991 65475 7 218.674072266 218.485183716
210 20 2 0 58991 58973 68175 9 218.485183716 218.418518066
208 194 0 1 58973 58869 70875 9 218.418518066 218.033340454
208 105 0 0 58869 58810 73845 10 218.033340454 217.814819336
178 118 0 6 58810 58762 79785 21 217.814819336 217.637039185
178 139 2 0 58762 58720 85725 21 217.637039185 217.481475830
174 28 2 0 58720 58709 91935 22 217.481475830 217.440734863
226 27 0 2 58709 58704 94365 8 217.440734863 217.422225952
176 30 2 0 58704 58660 100575 22 217.422225952 217.259262085
172 195 0 1 58660 58589 106515 21 217.259262085 216.996292114
172 151 2 0 58589 58447 112725 22 216.996292114 216.470367432
162 195 0 1 58447 58399 119475 24 216.470367432 216.292587280
161 190 1 1 58399 58211 126765 26 216.292587280 215.596298218
152 160 2 0 58211 58045 135675 32 215.596298218 214.981475830
162 135 0 1 58045 58004 142965 26 214.981475830 214.829635620
150 6 2 0 58004 57986 152415 34 214.829635620 214.762969971
150 231 2 0 57986 57867 162135 35 214.762969971 214.322219849
184 195 0 1 57867 57851 167535 19 214.322219849 214.262969971
150 135 0 1 57851 57844 177525 36 214.262969971 214.237030029
148 117 0 6 57844 57834 187785 37 214.237030029 214.199996948
152 118 2 0 57834 57805 197505 35 214.199996948 214.092590332
160 116 0 5 57805 57768 205335 28 214.092590332 213.955551147
160 119 2 0 57768 57733 213705 30 213.955551147 213.825927734
158 119 2 0 57733 57721 222345 31 213.825927734 213.781478882
158 107 1 6 57721 57508 230985 31 213.781478882 212.992599487
168 109 0 5 57508 57500 238275 26 212.992599487 212.962966919
166 88 0 1 57500 57493 245295 25 212.962966919 212.937042236
144 235 2 0 57493 57364 256635 41 212.937042236 212.459259033
184 216 0 2 57364 57343 262575 21 212.459259033 212.381484985
146 158 2 0 57343 57224 273645 40 212.381484985 211.940734863
138 10 0 5 57224 57216 286605 47 211.940734863 211.911117554
128 159 2 0 57216 57141 302265 57 211.911117554 211.633331299
131 184 1 7 57141 56980 317385 55 211.633331299 211.037033081
134 187 2 0 56980 56892 332775 56 211.037033081 210.711105347
200 196 0 1 56892 56877 336555 13 210.711105347 210.655548096
142 199 0 1 56877 56873 349515 47 210.655548096 210.640747070
150 122 2 0 56873 56868 360045 38 210.640747070 210.622222900
140 116 0 5 56868 56852 373815 50 210.622222900 210.562957764
142 111 2 0 56852 56848 387585 50 210.562957764 210.548141479
136 121 0 5 56848 56837 402705 55 210.548141479 210.507400513
126 154 2 0 56837 56799 421875 70 210.507400513 210.366668701
140 151 2 0 56799 56743 435375 49 210.366668701 210.159255981
124 183 1 7 56743 56648 455355 73 210.159255981 209.807403564
122 32 2 0 56648 56619 475605 74 209.807403564 209.699996948
188 28 0 2 56619 56605 480195 16 209.699996948 209.648147583
116 234 2 0 56605 56539 501255 77 209.648147583 209.403701782
130 201 0 1 56539 56527 517995 61 209.403701782 209.359252930
116 149 0 0 56527 56519 539865 80 209.359252930 209.329635620
168 135 2 0 56519 56501 546885 25 209.329635620 209.262969971
116 231 0 1 56501 56482 568485 79 209.262969971 209.192596436
112 106 2 0 56482 56390 590625 81 209.192596436 208.851852417
206 90 0 1 56390 56381 594135 12 208.851852417 208.818511963
108 186 2 0 56381 56362 617625 86 208.818511963 208.748153687
104 151 2 0 56362 56345 643005 93 208.748153687 208.685180664
102 100 2 0 56345 56311 670815 102 208.685180664 208.559265137
100 115 1 6 56311 56234 699975 107 208.559265137 208.274078369
196 91 0 1 56234 56231 704565 16 208.274078369 208.262969971
132 123 2 0 56231 56227 720765 59 208.262969971 208.248153687
101 62 1 5 56227 56169 750735 110 208.248153687 208.033340454
142 6 2 0 56169 56166 765045 52 208.033340454 208.022216797
124 10 0 5 56166 56164 783405 67 208.022216797 208.014816284
98 47 1 5 56164 56104 814455 114 208.014816284 207.792587280
95 177 1 6 56104 56038 845775 115 207.792587280 207.548141479
130 152 2 0 56038 56037 861975 59 207.548141479 207.544448853
106 153 0 5 56037 56036 887355 93 207.544448853 207.540740967
93 56 1 5 56036 56006 920835 123 207.540740967 207.429626465
144 7 2 0 56006 56000 933795 47 207.429626465 207.407409668
92 147 2 0 56000 55980 968355 127 207.407409668 207.333328247
174 135 0 1 55980 55955 976185 28 207.333328247 207.240737915
97 136 1 1 55955 55946 1009125 121 207.240737915 207.207412720
96 156 2 0 55946 55944 1041795 120 207.207412720 207.199996948
116 151 0 5 55944 55920 1062855 77 207.199996948 207.111114502
89 70 1 6 55920 55829 1098225 130 207.111114502 206.774078369
150 77 2 0 55829 55825 1109835 42 206.774078369 206.759262085
88 171 2 0 55825 55817 1144935 129 206.759262085 206.729629517
86 198 2 0 55817 55803 1181385 134 206.729629517 206.677780151
166 189 0 1 55803 55800 1190295 32 206.677780151 206.666671753
84 65 1 5 55800 55781 1227285 136 206.666671753 206.596298218
83 68 1 6 55781 55755 1264275 136 206.596298218 206.500000000
97 71 1 7 55755 55749 1296675 119 206.500000000 206.477783203
82 3 0 3 55749 55743 1333125 134 206.477783203 206.455551147
78 36 1 5 55743 55739 1373355 148 206.455551147 206.440734863
76 223 1 2 55739 55738 1414395 151 206.440734863 206.437042236
75 163 1 5 55738 55716 1456245 154 206.437042236 206.355560303
74 5 1 4 55716 55669 1498365 155 206.355560303 206.181488037
70 104 1 0 55669 55659 1541835 160 206.181488037 206.144439697
92 111 0 5 55659 55657 1572885 114 206.144439697 206.137039185
178 91 0 1 55657 55655 1579635 24 206.137039185 206.129623413
70 35 2 0 55655 55649 1623375 161 206.129623413 206.107406616
64 147 1 0 55649 55640 1674675 189 206.107406616 206.074081421
75 149 1 7 55640 55571 1715715 151 206.074081421 205.818511963
128 147 0 1 55571 55558 1734075 67 205.818511963 205.770370483
140 111 2 0 55558 55557 1746495 45 205.770370483 205.766662598
63 224 1 1 55557 55556 1800225 198 205.766662598 205.762969971
72 220 1 2 55556 55553 1842885 157 205.762969971 205.751846313
84 92 2 0 55553 55552 1879065 133 205.751846313 205.748153687
64 213 1 1 55552 55541 1933065 199 205.748153687 205.707412720
142 215 0 2 55541 55536 1946295 48 205.707412720 205.688888550
54 142 1 0 55536 55533 2024325 288 205.688888550 205.677780151
52 20 0 3 55533 55510 2108295 310 205.677780151 205.592590332
140 8 2 0 55510 55509 2121795 49 205.592590332 205.588882446
50 119 1 6 55509 55508 2211705 332 205.588882446 205.585189819
41 28 1 3 55508 55501 2334285 453 205.585189819 205.559265137
38 77 0 0 55501 55497 2467395 492 205.559265137 205.544448853
66 71 1 6 55497 55478 2518695 189 205.544448853 205.474075317
