SetMedian AvgDist: 172.13704 TotalDist: 48465
N 33344555666555655555655555656556566555666566777700010111101110110111111106555565555565655556566555677770111121211111212121111111112112111211123333445455454554555455455555454321122212111112121112111111221
Mean AvgDist: 165.85185 TotalDist: 2352645
N 333344555555655555655565555556555565555655656667777001101111110111111111107655655655565565656565565666777701111111111211211121121121111112112233344455554555555555455555543212112112121211121211121121112112
Time taken by program is : 288.03501sec
346 0 0 3 46477 46446 49005 0 172.137039185 172.022216797
186 110 2 0 46446 46334 50625 5 172.022216797 171.607406616
160 111 2 0 46334 46281 53055 8 171.607406616 171.411117554
160 177 0 1 46281 46199 55485 8 171.411117554 171.107406616
192 178 0 1 46199 46138 56835 4 171.107406616 170.881484985
202 179 0 1 46138 46135 57915 3 170.881484985 170.870376587
156 10 0 5 46135 46088 60345 8 170.870376587 170.696289062
164 11 0 5 46088 46080 62505 7 170.696289062 170.666671753
164 0 2 0 46080 45950 64665 7 170.666671753 170.185180664
148 11 2 0 45950 45888 67635 10 170.185180664 169.955551147
132 118 2 0 45888 45835 71415 13 169.955551147 169.759262085
126 11 2 0 45835 45829 77085 20 169.759262085 169.737030029
124 21 0 5 45829 45793 83025 21 169.737030029 169.603698730
120 22 0 5 45793 45778 89505 23 169.603698730 169.548141479
134 11 2 0 45778 45776 93555 14 169.548141479 169.540740967
114 147 2 0 45776 45709 100845 26 169.540740967 169.292587280
112 30 2 0 45709 45697 108405 27 169.292587280 169.248153687
132 22 0 5 45697 45684 112995 16 169.248153687 169.199996948
118 33 2 0 45684 45675 119745 24 169.199996948 169.166671753
148 23 0 5 45675 45666 122715 10 169.166671753 169.133331299
112 55 2 0 45666 45655 131085 30 169.133331299 169.092590332
110 96 2 0 45655 45647 141075 36 169.092590332 169.062957764
128 79 0 5 45647 45640 146205 18 169.062957764 169.037033081
106 97 2 0 45640 45633 157545 41 169.037033081 169.011108398
120 86 0 5 45633 45626 164565 25 169.011108398 168.985183716
102 147 2 0 45626 45613 176715 44 168.985183716 168.937042236
98 140 2 0 45613 45546 190485 50 168.937042236 168.688888550
106 176 0 1 45546 45520 202365 43 168.688888550 168.592590332
130 170 2 0 45520 45506 206685 15 168.592590332 168.540740967
106 147 0 5 45506 45504 218295 42 168.540740967 168.533340454
100 182 0 2 45504 45480 231255 47 168.533340454 168.444442749
104 146 2 0 45480 45478 243135 43 168.444442749 168.437042236
94 10 0 6 45478 45477 258525 56 168.437042236 168.433334351
120 36 2 0 45477 45462 264735 22 168.433334351 168.377777100
92 149 1 5 45462 45405 281205 60 168.377777100 168.166671753
88 82 0 6 45405 45377 298215 62 168.166671753 168.062957764
100 99 2 0 45377 45367 310905 46 168.062957764 168.025924683
122 82 0 5 45367 45361 318195 26 168.025924683 168.003707886
118 84 2 0 45361 45338 326295 29 168.003707886 167.918518066
108 92 0 6 45338 45319 336015 35 167.918518066 167.848144531
92 84 2 0 45319 45309 351945 58 167.848144531 167.811111450
136 83 0 5 45309 45307 356265 15 167.811111450 167.803710938
150 75 2 0 45307 45299 358965 9 167.803710938 167.774078369
102 75 0 6 45299 45249 370305 41 167.774078369 167.588882446
89 65 1 1 45249 45226 386235 58 167.588882446 167.503707886
88 93 2 0 45226 45222 402435 59 167.503707886 167.488891602
85 156 1 5 45222 45181 420255 65 167.488891602 167.337036133
84 58 1 1 45181 45172 439425 70 167.337036133 167.303710938
79 199 1 1 45172 45165 461295 80 167.303710938 167.277770996
92 201 1 2 45165 45146 477765 60 167.277770996 167.207412720
79 52 1 1 45146 45139 499365 79 167.207412720 167.181488037
130 52 2 0 45139 45138 504765 19 167.181488037 167.177780151
108 10 0 5 45138 45134 514755 36 167.177780151 167.162963867
106 41 2 0 45134 45116 525015 37 167.162963867 167.096298218
82 20 0 6 45116 45109 545805 76 167.096298218 167.070373535
78 198 1 2 45109 45095 569025 85 167.070373535 167.018524170
86 177 0 1 45095 45091 587655 68 167.018524170 167.003707886
130 170 2 0 45091 45078 593055 19 167.003707886 166.955551147
124 170 2 0 45078 45076 598725 20 166.955551147 166.948150635
128 174 0 1 45076 45057 603855 18 166.948150635 166.877777100
118 170 2 0 45057 45041 610065 22 166.877777100 166.818511963
106 176 0 1 45041 45030 619785 35 166.818511963 166.777770996
78 147 1 5 45030 45009 643275 86 166.777770996 166.699996948
80 138 1 2 45009 44981 665685 82 166.699996948 166.596298218
75 200 1 1 44981 44964 691065 93 166.596298218 166.533340454
70 182 2 0 44964 44963 721035 110 166.533340454 166.529632568
116 197 0 1 44963 44955 728325 26 166.529632568 166.500000000
68 125 1 2 44955 44940 759645 115 166.500000000 166.444442749
96 88 0 5 44940 44939 772605 47 166.444442749 166.440734863
71 87 1 6 44939 44909 800955 104 166.440734863 166.329635620
70 132 1 1 44909 44900 830655 109 166.329635620 166.296295166
66 195 1 2 44900 44882 864405 124 166.296295166 166.229629517
64 69 1 0 44882 44877 901395 136 166.229629517 166.211105347
62 123 1 2 44877 44874 940815 145 166.211105347 166.199996948
58 166 2 0 44874 44867 989145 178 166.199996948 166.174072266
112 160 0 5 44867 44863 997245 29 166.174072266 166.159255981
69 153 1 5 44863 44858 1027215 110 166.159255981 166.140747070
53 151 1 4 44858 44856 1094445 248 166.140747070 166.133331299
52 78 1 6 44856 44848 1168695 274 166.133331299 166.103698730
30 34 2 0 44848 44844 1331505 602 166.103698730 166.088882446
124 11 0 5 44844 44839 1338255 24 166.088882446 166.070373535
104 38 2 0 44839 44835 1347975 35 166.070373535 166.055557251
100 53 0 1 44835 44831 1359045 40 166.055557251 166.040740967
100 55 2 0 44831 44827 1370115 40 166.040740967 166.025924683
86 54 0 1 44827 44824 1387665 64 166.025924683 166.014816284
64 80 0 5 44824 44823 1425465 139 166.014816284 166.011108398
62 38 1 6 44823 44822 1467855 156 166.011108398 166.007400513
57 42 1 5 44822 44819 1521855 199 166.007400513 165.996292114
65 43 1 6 44819 44817 1559115 137 165.996292114 165.988891602
122 52 2 0 44817 44814 1565595 23 165.988891602 165.977783203
76 17 0 5 44814 44807 1590165 90 165.977783203 165.951858521
75 69 1 1 44807 44804 1614465 89 165.951858521 165.940734863
58 74 1 7 44804 44792 1665765 189 165.940734863 165.896301270
32 30 2 0 44792 44791 1816965 559 165.896301270 165.892593384
50 38 0 5 44791 44780 1894725 287 165.892593384 165.851852417
