SetMedian AvgDist: 66.38889 TotalDist: 48465
O 3333333344334444445455455455554555555565665667667676777767777777077770770000001011111111112112111222122222223233
Mean AvgDist: 62.78889 TotalDist: 330075
O 33333343343444445455455555555555556565666666667667676776777777777770770000101111111111112112121221222222222222323
Time taken by program is : 17.20196sec
226 94 0 2 17925 17850 49275 1 66.388885498 66.111114502
206 95 0 2 17850 17838 49815 1 66.111114502 66.066665649
172 0 2 0 17838 17776 50355 1 66.066665649 65.837036133
158 41 0 6 17776 17762 51165 2 65.837036133 65.785186768
166 0 2 0 17762 17710 51975 2 65.785186768 65.592590332
141 63 1 7 17710 17572 52785 2 65.592590332 65.081481934
132 6 2 0 17572 17505 53865 3 65.081481934 64.833335876
132 27 1 5 17505 17393 54945 3 64.833335876 64.418518066
116 50 2 0 17393 17352 56295 4 64.418518066 64.266670227
118 87 0 1 17352 17319 57645 4 64.266670227 64.144447327
106 69 2 0 17319 17290 59805 7 64.144447327 64.037040710
156 40 0 6 17290 17289 60345 1 64.037040710 64.033332825
110 74 0 1 17289 17276 62235 6 64.033332825 63.985183716
101 77 1 1 17276 17230 64125 6 63.985183716 63.814815521
102 95 2 0 17230 17176 66015 6 63.814815521 63.614814758
86 15 2 0 17176 17171 71145 18 63.614814758 63.596294403
136 40 0 6 17171 17163 72225 3 63.596294403 63.566665649
102 51 2 0 17163 17151 75195 10 63.566665649 63.522220612
118 41 0 6 17151 17148 76815 5 63.522220612 63.511112213
98 92 0 1 17148 17147 79515 9 63.511112213 63.507408142
90 96 2 0 17147 17134 83565 14 63.507408142 63.459259033
100 94 0 1 17134 17127 85995 8 63.459259033 63.433334351
96 92 0 2 17127 17117 88695 9 63.433334351 63.396297455
118 76 2 0 17117 17082 90045 4 63.396297455 63.266666412
86 37 0 5 17082 17071 94905 17 63.266666412 63.225925446
120 16 2 0 17071 17059 96255 4 63.225925446 63.181480408
84 42 1 6 17059 16981 101385 18 63.181480408 62.892593384
92 33 0 5 16981 16980 105435 14 62.892593384 62.888889313
98 56 2 0 16980 16978 107595 7 62.888889313 62.881481171
84 101 1 2 16978 16968 112725 18 62.881481171 62.844444275
102 111 2 0 16968 16957 115155 8 62.844444275 62.803703308
92 109 0 2 16957 16955 119205 14 62.803703308 62.796295166
48 10 1 3 16955 16953 148905 109 62.796295166 62.788887024
