SetMedian AvgDist: 96.85926 TotalDist: 48465
P 333343433434434434444545455455566556766676676676766777676777776555655555565556777770111111111111111111111111111111111111122221112112123232333
Mean AvgDist: 90.24445 TotalDist: 793665
P 33333333343344344444545555555565656666676676776776777777777766555655556555556566777701111111111111121111211121111211121111121121222232233233
Time taken by program is : 50.57196sec
192 4 0 3 26152 26131 49545 2 96.859260559 96.781478882
208 5 2 0 26131 25996 50355 2 96.781478882 96.281478882
152 56 1 7 25996 25869 51705 4 96.281478882 95.811111450
152 73 0 5 25869 25790 53055 4 95.811111450 95.518516541
152 6 2 0 25790 25727 54405 4 95.518516541 95.285186768
196 8 0 3 25727 25717 55215 2 95.285186768 95.248146057
138 85 2 0 25717 25649 56835 5 95.248146057 94.996299744
133 27 1 5 25649 25514 58455 5 94.996299744 94.496299744
126 49 0 7 25514 25489 60885 8 94.496299744 94.403701782
124 122 2 0 25489 25403 63045 7 94.403701782 94.085182190
124 36 2 0 25403 25274 65475 8 94.085182190 93.607406616
118 66 0 5 25274 25247 68445 10 93.607406616 93.507408142
118 86 2 0 25247 25217 70605 7 93.507408142 93.396293640
120 136 0 3 25217 25214 73305 9 93.396293640 93.385185242
122 86 2 0 25214 25191 75735 8 93.385185242 93.300003052
114 50 1 7 25191 25091 79515 13 93.300003052 92.929626465
114 11 2 0 25091 25024 82485 10 92.929626465 92.681480408
108 23 1 5 25024 24973 84915 8 92.681480408 92.492591858
101 53 1 7 24973 24945 88425 12 92.492591858 92.388885498
99 129 1 2 24945 24854 91935 12 92.388885498 92.051849365
106 119 2 0 24854 24840 94635 9 92.051849365 92.000000000
96 119 0 1 24840 24824 98685 14 92.000000000 91.940742493
86 120 2 0 24824 24817 105435 24 91.940742493 91.914817810
88 62 0 6 24817 24801 111915 23 91.914817810 91.855552673
98 49 2 0 24801 24789 115695 13 91.855552673 91.811111450
85 33 1 6 24789 24768 122715 25 91.811111450 91.733329773
94 21 0 5 24768 24754 127575 17 91.733329773 91.681480408
90 9 2 0 24754 24753 133245 20 91.681480408 91.677780151
138 12 0 3 24753 24747 134865 5 91.677780151 91.655555725
180 0 2 0 24747 24734 135675 2 91.655555725 91.607406616
82 99 0 2 24734 24687 142695 25 91.607406616 91.433334351
81 115 1 2 24687 24636 149715 25 91.433334351 91.244445801
82 79 1 6 24636 24605 156195 23 91.244445801 91.129631042
108 62 2 0 24605 24600 158895 9 91.129631042 91.111114502
77 43 1 7 24600 24583 167805 32 91.111114502 91.048149109
76 126 1 2 24583 24556 176445 31 91.048149109 90.948150635
100 135 2 0 24556 24543 179955 12 90.948150635 90.900001526
100 120 0 1 24543 24535 183465 12 90.900001526 90.870368958
73 107 1 2 24535 24489 193455 36 90.870368958 90.699996948
70 31 1 5 24489 24484 206145 46 90.699996948 90.681480408
76 32 0 6 24484 24477 213705 27 90.681480408 90.655555725
78 50 2 0 24477 24472 220455 24 90.655555725 90.637039185
70 124 1 2 24472 24461 232065 42 90.637039185 90.596298218
92 121 0 1 24461 24459 236385 15 90.596298218 90.588890076
66 75 1 6 24459 24456 248535 44 90.588890076 90.577774048
162 73 0 5 24456 24443 249615 3 90.577774048 90.529632568
90 74 2 0 24443 24439 254205 16 90.529632568 90.514816284
102 75 0 5 24439 24431 257445 11 90.514816284 90.485183716
75 70 1 6 24431 24400 265005 27 90.485183716 90.370368958
66 19 1 4 24400 24395 277965 47 90.370368958 90.351852417
61 118 1 2 24395 24388 296595 68 90.351852417 90.325927734
62 115 2 0 24388 24381 314415 65 90.325927734 90.300003052
58 127 1 2 24381 24380 338985 90 90.300003052 90.296295166
68 122 0 1 24380 24379 350865 43 90.296295166 90.292594910
82 126 2 0 24379 24373 357345 23 90.292594910 90.270370483
63 113 1 2 24373 24372 373815 60 90.270370483 90.266670227
26 134 0 2 24372 24371 467775 347 90.266670227 90.262962341
57 127 1 1 24371 24367 493965 96 90.262962341 90.248146057
62 104 1 2 24367 24366 510165 59 90.248146057 90.244445801
