SetMedian AvgDist: 104.75555 TotalDist: 48465
Q 333433334444444455454545554554555555566556666666676655554455555676777001001100777777777777707770770707000010110111111112211221222222222232322232223233233
Mean AvgDist: 97.91852 TotalDist: 799875
Q 3333333334343444444554545555555555555565556665666565555555455555667777770010100077776777777777777777707070000101111111111111121211221212222222222222232323233
Time taken by program is : 70.45066sec
686 0 0 3 28284 28130 49005 0 104.755554199 104.185188293
174 79 0 7 28130 28128 49545 1 104.185188293 104.177780151
180 122 0 1 28128 28056 50085 1 104.177780151 103.911109924
170 123 0 1 28056 28019 50895 2 103.911109924 103.774070740
160 141 2 0 28019 27869 51975 3 103.774070740 103.218521118
140 94 1 7 27869 27746 53595 5 103.218521118 102.762962341
140 124 0 1 27746 27734 55215 5 102.762962341 102.718521118
134 143 2 0 27734 27628 56835 5 102.718521118 102.325927734
129 31 1 5 27628 27500 58455 5 102.325927734 101.851852417
124 125 0 1 27500 27498 60075 5 101.851852417 101.844444275
122 51 1 5 27498 27333 61695 5 101.844444275 101.233329773
117 67 1 7 27333 27283 63315 5 101.233329773 101.048149109
116 126 2 0 27283 27229 64665 4 101.048149109 100.848144531
104 98 1 7 27229 27176 66555 6 100.848144531 100.651855469
101 28 1 5 27176 27123 68715 7 100.651855469 100.455558777
496 0 0 3 27123 27113 68985 0 100.455558777 100.418518066
144 0 2 0 27113 27082 69795 2 100.418518066 100.303703308
102 153 2 0 27082 27077 71955 7 100.303703308 100.285186768
106 130 0 1 27077 27066 73845 6 100.285186768 100.244445801
102 80 2 0 27066 27010 76005 7 100.244445801 100.037040710
92 113 1 1 27010 26984 81405 19 100.037040710 99.940742493
102 133 2 0 26984 26980 84105 9 99.940742493 99.925926208
104 101 0 7 26980 26976 87345 11 99.925926208 99.911109924
96 74 2 0 26976 26965 91125 13 99.911109924 99.870368958
92 51 1 5 26965 26929 96525 19 99.870368958 99.737037659
94 65 1 6 26929 26884 100845 15 99.737037659 99.570373535
91 48 1 5 26884 26844 106515 20 99.570373535 99.422225952
89 25 1 5 26844 26806 112455 21 99.422225952 99.281478882
86 6 2 0 26806 26801 118665 22 99.281478882 99.262962341
138 10 0 3 26801 26794 120015 4 99.262962341 99.237037659
85 54 1 5 26794 26741 126495 23 99.237037659 99.040740967
82 135 0 1 26741 26733 134325 28 99.040740967 99.011108398
86 133 2 0 26733 26727 140265 21 99.011108398 98.988891602
122 153 0 3 26727 26721 142695 8 98.988891602 98.966667175
88 111 2 0 26721 26720 148095 19 98.966667175 98.962959290
82 9 1 4 26720 26665 155115 25 98.962959290 98.759262085
82 60 1 5 26665 26643 161865 24 98.759262085 98.677780151
80 127 0 2 26643 26636 169425 27 98.677780151 98.651855469
106 152 2 0 26636 26634 172125 9 98.651855469 98.644447327
90 149 0 3 26634 26633 176445 15 98.644447327 98.640739441
104 151 2 0 26633 26624 179415 10 98.640739441 98.607406616
80 40 2 0 26624 26611 187785 30 98.607406616 98.559257507
79 52 1 5 26611 26581 196155 30 98.559257507 98.448150635
75 63 1 6 26581 26572 205335 33 98.448150635 98.414817810
72 38 1 6 26572 26557 217485 44 98.414817810 98.359260559
65 145 1 2 26557 26553 235575 66 98.359260559 98.344444275
82 150 0 3 26553 26549 243675 29 98.344444275 98.329627991
84 124 2 0 26549 26544 250155 23 98.329627991 98.311111450
63 45 1 5 26544 26542 272025 80 98.311111450 98.303703308
83 47 1 6 26542 26532 277695 20 98.303703308 98.266670227
63 49 1 5 26532 26531 299565 80 98.266670227 98.262962341
68 50 1 6 26531 26527 315495 58 98.262962341 98.248146057
58 83 0 6 26527 26518 340065 90 98.248146057 98.214813232
86 84 2 0 26518 26514 345195 18 98.214813232 98.199996948
61 76 1 0 26514 26484 367875 83 98.199996948 98.088890076
82 73 1 1 26484 26480 374085 22 98.088890076 98.074073792
60 12 1 3 26480 26477 396765 83 98.074073792 98.062965393
76 40 1 5 26477 26476 405135 30 98.062965393 98.059257507
92 42 1 6 26476 26469 408105 10 98.059257507 98.033332825
54 71 0 7 26469 26449 441315 122 98.033332825 97.959259033
64 63 1 5 26449 26440 459135 65 97.959259033 97.925926208
59 124 1 2 26440 26439 483165 88 97.925926208 97.922225952
94 124 0 1 26439 26438 485865 9 97.922225952 97.918518066
