SetMedian AvgDist: 134.06296 TotalDist: 48465
S 3333333344455456677707777777676766654343443344344344444454554555556556666676677677767777777777077707011111223333343443333333233232222111001007007007007077707707000111111122232232232333233
Mean AvgDist: 127.89259 TotalDist: 1167615
S 333333334344455556677777777777776776766554433434343443444444455455555655666667677677677777777777777707707000111112233334334334333333333323222211000000707707707070700011111111222223223233233233
Time taken by program is : 129.20143sec
868 0 0 3 36197 36109 49005 0 134.062957764 133.737030029
262 36 0 5 36109 36098 50085 3 133.737030029 133.696289062
210 78 0 7 36098 36075 51165 3 133.696289062 133.611114502
188 22 0 7 36075 36006 52515 4 133.611114502 133.355560303
190 0 2 0 36006 36005 53865 4 133.355560303 133.351852417
176 103 0 0 36005 35938 55215 4 133.351852417 133.103698730
166 157 2 0 35938 35833 56835 5 133.103698730 132.714813232
148 40 2 0 35833 35796 60615 13 132.714813232 132.577774048
146 17 0 7 35796 35773 64395 13 132.577774048 132.492599487
144 138 2 0 35773 35700 68445 14 132.492599487 132.222229004
156 120 0 3 35700 35659 71955 12 132.222229004 132.070373535
140 80 0 7 35659 35604 76815 17 132.070373535 131.866668701
138 161 2 0 35604 35554 81405 16 131.866668701 131.681488037
130 45 2 0 35554 35553 87075 20 131.681488037 131.677780151
122 31 0 7 35553 35548 93285 22 131.677780151 131.659255981
120 147 2 0 35548 35510 100035 24 131.659255981 131.518524170
164 187 0 3 35510 35508 102735 9 131.518524170 131.511108398
144 176 2 0 35508 35490 107055 15 131.511108398 131.444442749
182 187 0 3 35490 35487 108945 6 131.444442749 131.433334351
117 88 1 7 35487 35399 116505 27 131.433334351 131.107406616
118 77 2 0 35399 35385 124065 27 131.107406616 131.055557251
158 83 0 7 35385 35381 127035 10 131.055557251 131.040740967
116 140 2 0 35381 35365 135405 30 131.040740967 130.981475830
178 122 0 3 35365 35359 137565 7 130.981475830 130.959259033
118 142 2 0 35359 35314 145395 28 130.959259033 130.792587280
164 153 0 7 35314 35291 148365 10 130.792587280 130.707412720
172 154 0 7 35291 35290 150795 8 130.707412720 130.703704834
118 158 2 0 35290 35283 158085 26 130.703704834 130.677780151
114 23 2 0 35283 35247 166185 29 130.677780151 130.544448853
158 9 0 3 35247 35246 169425 11 130.544448853 130.540740967
108 124 0 3 35246 35219 180225 39 130.540740967 130.440734863
138 114 2 0 35219 35180 184815 16 130.440734863 130.296295166
112 124 0 3 35180 35177 195345 38 130.296295166 130.285186768
108 119 2 0 35177 35137 205335 36 130.285186768 130.137039185
102 142 2 0 35137 35116 217485 44 130.137039185 130.059265137
102 156 0 7 35116 35098 230985 49 130.059265137 129.992599487
98 39 1 5 35098 35007 245295 52 129.992599487 129.655548096
92 132 2 0 35007 35006 262305 62 129.655548096 129.651855469
122 134 0 3 35006 34986 269865 27 129.651855469 129.577774048
91 15 1 5 34986 34901 287145 63 129.577774048 129.262969971
88 59 2 0 34901 34867 306045 69 129.262969971 129.137039185
81 184 1 2 34867 34784 328455 82 129.137039185 128.829635620
79 83 1 7 34784 34775 352215 87 128.829635620 128.796295166
138 79 0 7 34775 34760 357885 20 128.796295166 128.740737915
100 105 2 0 34760 34683 370845 47 128.740737915 128.455551147
120 45 0 3 34683 34682 378675 28 128.455551147 128.451858521
84 101 2 0 34682 34680 399735 77 128.451858521 128.444442749
86 102 0 0 34680 34662 419715 73 128.444442749 128.377777100
74 35 0 6 34662 34661 446715 99 128.377777100 128.374069214
122 18 2 0 34661 34644 454005 26 128.374069214 128.311111450
114 31 0 7 34644 34643 464265 37 128.311111450 128.307403564
96 39 2 0 34643 34635 478575 52 128.307403564 128.277770996
72 48 2 0 34635 34616 506115 101 128.277770996 128.207412720
248 44 0 3 34616 34606 507195 3 128.207412720 128.170364380
61 34 1 7 34606 34579 545805 142 128.170364380 128.070373535
52 173 0 1 34579 34556 597375 190 128.070373535 127.985183716
110 147 2 0 34556 34547 607095 35 127.985183716 127.951850891
50 8 1 4 34547 34545 661905 202 127.951850891 127.944442749
34 102 0 7 34545 34540 759645 361 127.944442749 127.925926208
45 84 1 6 34540 34531 823095 234 127.925926208 127.892593384
