SetMedian AvgDist: 136.82593 TotalDist: 48465
T 33333333333333343345567777767777677767776655556555555556555655555555555555556777770001111111111112111111211111121200777776776707700111122333322333333333333332333
Mean AvgDist: 130.39999 TotalDist: 1405755
T 33333333333334344555667777777777777777777665565555555655555565556555655555656677770111111111121121111112111112111110077777777777777770011112233333233333333323333333233
Time taken by program is : 99.60161sec
778 141 0 3 36943 36917 49815 3 136.825927734 136.729629517
744 142 0 3 36917 36905 50895 3 136.729629517 136.685180664
432 121 0 7 36905 36743 52515 5 136.685180664 136.085189819
334 122 0 7 36743 36613 54675 7 136.085189819 135.603698730
268 21 0 7 36613 36586 57105 8 135.603698730 135.503707886
238 147 0 3 36586 36573 59535 8 135.503707886 135.455551147
236 124 0 7 36573 36513 62505 10 135.455551147 135.233337402
218 0 2 0 36513 36501 65475 10 135.233337402 135.188888550
208 140 2 0 36501 36487 68715 11 135.188888550 135.137039185
254 147 0 3 36487 36485 71145 8 135.137039185 135.129623413
220 140 2 0 36485 36467 74115 10 135.129623413 135.062957764
178 27 0 7 36467 36423 78975 17 135.062957764 134.899993896
154 125 0 7 36423 36386 87075 29 134.899993896 134.762969971
144 43 2 0 36386 36368 95985 32 134.762969971 134.696289062
148 28 0 7 36368 36349 104625 31 134.696289062 134.625930786
134 85 1 1 36349 36233 114615 36 134.625930786 134.196289062
128 44 2 0 36233 36227 124605 36 134.196289062 134.174072266
124 16 0 4 36227 36201 135405 39 134.174072266 134.077774048
228 0 2 0 36201 36192 138645 11 134.077774048 134.044448853
124 139 2 0 36192 36190 149715 40 134.044448853 134.037033081
336 147 0 3 36190 36186 151875 7 134.037033081 134.022216797
124 125 2 0 36186 36105 163215 41 134.022216797 133.722229004
150 127 0 7 36105 36080 171855 31 133.722229004 133.629623413
124 128 2 0 36080 36027 182925 40 133.629623413 133.433334351
128 111 0 1 36027 36002 193455 38 133.433334351 133.340744019
116 34 1 7 36002 35915 205605 44 133.340744019 133.018524170
105 130 1 7 35915 35845 219915 52 133.018524170 132.759262085
146 164 2 0 35845 35844 228555 31 132.759262085 132.755554199
442 163 0 3 35844 35836 230175 5 132.755554199 132.725921631
100 77 1 6 35836 35756 244215 51 132.725921631 132.429626465
98 29 1 7 35756 35714 259335 55 132.429626465 132.274078369
100 47 2 0 35714 35709 273645 52 132.274078369 132.255554199
96 19 0 6 35709 35698 289035 56 132.255554199 132.214813232
100 21 2 0 35698 35658 303345 52 132.214813232 132.066665649
210 38 0 7 35658 35654 306855 12 132.066665649 132.051849365
94 112 2 0 35654 35631 322515 57 132.051849365 131.966659546
122 113 0 1 35631 35606 333585 40 131.966659546 131.874069214
100 114 2 0 35606 35596 347895 52 131.874069214 131.837036133
118 104 0 1 35596 35569 359235 41 131.837036133 131.737030029
94 144 2 0 35569 35567 375165 58 131.737030029 131.729629517
90 16 1 5 35567 35550 391365 59 131.729629517 131.666671753
98 22 2 0 35550 35544 405405 51 131.666671753 131.644439697
84 38 1 7 35544 35538 423765 67 131.644439697 131.622222900
82 73 1 6 35538 35528 442935 70 131.622222900 131.585189819
82 73 0 5 35528 35513 461835 69 131.585189819 131.529632568
75 65 1 6 35513 35462 482355 75 131.529632568 131.340744019
76 82 2 0 35462 35456 502065 72 131.340744019 131.318511963
110 104 0 1 35456 35442 513945 43 131.318511963 131.266662598
78 20 1 6 35442 35397 532845 69 131.266662598 131.100006104
77 109 1 2 35397 35372 551475 68 131.100006104 131.007400513
71 17 1 5 35372 35342 571455 73 131.007400513 130.896301270
98 22 2 0 35342 35325 585225 50 130.896301270 130.833328247
904 13 0 3 35325 35322 585765 1 130.833328247 130.822219849
68 65 0 5 35322 35319 610065 89 130.822219849 130.811111450
68 104 1 2 35319 35301 634635 90 130.811111450 130.744445801
74 106 1 1 35301 35297 655155 75 130.744445801 130.729629517
68 94 1 2 35297 35279 679725 90 130.729629517 130.662963867
61 17 1 4 35279 35268 709425 109 130.662963867 130.622222900
218 0 2 0 35268 35265 712665 11 130.622222900 130.611114502
61 69 1 6 35265 35260 742365 109 130.611114502 130.592590332
64 61 1 6 35260 35255 768015 94 130.592590332 130.574081421
74 57 2 0 35255 35252 786375 67 130.574081421 130.562957764
81 68 1 5 35252 35249 802845 60 130.562957764 130.551849365
46 156 0 2 35249 35234 849285 171 130.551849365 130.496292114
36 68 0 6 35234 35228 921375 266 130.496292114 130.474075317
52 19 1 5 35228 35224 959985 142 130.474075317 130.459259033
25 141 1 2 35224 35217 1062855 380 130.459259033 130.433334351
200 140 2 0 35217 35212 1067175 15 130.433334351 130.414810181
494 163 0 3 35212 35208 1068525 4 130.414810181 130.399993896
