SetMedian AvgDist: 174.25926 TotalDist: 48465
U 333346555556555555555555555555655555555544332322112112211211122111112111111111111123334345555555555555556556555655555565566556566667667777777770700001010111111111111121121111121111111112122
Mean AvgDist: 167.11482 TotalDist: 2884275
U 33344555555655556555655556565555655656556554322222211221121112111211111112112111222333445555555655556555655555555555556566666767767777700111111111121111211121111211111121111212
Time taken by program is : 216.82207sec
198 134 2 0 47050 46949 50895 7 174.259262085 173.885177612
196 134 2 0 46949 46852 53055 7 173.885177612 173.525924683
188 134 2 0 46852 46768 55485 8 173.525924683 173.214813232
180 134 2 0 46768 46698 58455 10 173.214813232 172.955551147
176 134 2 0 46698 46636 61965 12 172.955551147 172.725921631
172 134 2 0 46636 46606 65745 13 172.725921631 172.614822388
164 134 2 0 46606 46587 70065 15 172.614822388 172.544448853
162 48 2 0 46587 46539 74925 17 172.544448853 172.366668701
158 133 2 0 46539 46532 80325 19 172.366668701 172.340744019
156 5 2 0 46532 46403 86805 23 172.340744019 171.862960815
150 134 2 0 46403 46401 92745 21 171.862960815 171.855560303
440 131 0 7 46401 46394 93285 1 171.855560303 171.829635620
142 47 2 0 46394 46375 100575 26 171.829635620 171.759262085
136 39 1 6 46375 46348 108675 29 171.759262085 171.659255981
130 122 2 0 46348 46302 117585 32 171.659255981 171.488891602
418 130 0 7 46302 46301 118125 1 171.488891602 171.485183716
128 123 2 0 46301 46256 127305 33 171.485183716 171.318511963
124 118 2 0 46256 46197 136215 32 171.318511963 171.100006104
154 125 2 0 46197 46195 142425 22 171.100006104 171.092590332
120 130 2 0 46195 46136 151605 33 171.092590332 170.874069214
152 130 0 7 46136 46131 157005 19 170.874069214 170.855560303
152 131 0 7 46131 46129 162405 19 170.855560303 170.848144531
158 126 2 0 46129 46118 167805 19 170.848144531 170.807403564
114 122 2 0 46118 46096 178605 39 170.807403564 170.725921631
116 122 2 0 46096 46085 189135 38 170.725921631 170.685180664
468 125 0 7 46085 46084 189675 1 170.685180664 170.681488037
114 130 2 0 46084 46047 200205 38 170.681488037 170.544448853
134 130 0 7 46047 46043 209115 32 170.544448853 170.529632568
160 124 2 0 46043 46034 214785 20 170.529632568 170.496292114
128 130 0 7 46034 46028 224235 34 170.496292114 170.474075317
110 131 2 0 46028 46012 236385 44 170.474075317 170.414810181
150 131 0 7 46012 46004 242865 23 170.414810181 170.385177612
104 77 1 2 46004 45951 257985 55 170.385177612 170.188888550
100 86 2 0 45951 45928 273105 55 170.188888550 170.103698730
98 84 1 4 45928 45857 288495 56 170.103698730 169.840744019
97 169 1 1 45857 45836 304155 57 169.840744019 169.762969971
98 86 2 0 45836 45834 319545 56 169.762969971 169.755554199
96 170 0 1 45834 45832 335205 57 169.755554199 169.748153687
112 130 2 0 45832 45824 347355 44 169.748153687 169.718521118
95 3 1 4 45824 45773 364635 63 169.718521118 169.529632568
93 58 1 1 45773 45762 383265 68 169.529632568 169.488891602
86 32 1 6 45762 45712 404865 79 169.488891602 169.303710938
90 38 0 6 45712 45696 424035 70 169.303710938 169.244445801
114 40 2 0 45696 45693 435105 40 169.244445801 169.233337402
90 31 0 6 45693 45688 453735 68 169.233337402 169.214813232
86 25 1 6 45688 45623 474525 76 169.214813232 168.974075317
112 45 1 1 45623 45620 486675 44 168.974075317 168.962966919
87 37 1 6 45620 45616 507735 77 168.962966919 168.948150635
122 35 0 6 45616 45610 517455 35 168.948150635 168.925918579
86 10 1 5 45610 45601 538515 77 168.925918579 168.892593384
86 134 2 0 45601 45597 560385 80 168.892593384 168.877777100
204 121 0 6 45597 45593 563625 11 168.877777100 168.862960815
88 118 2 0 45593 45587 582525 69 168.862960815 168.840744019
164 131 0 0 45587 45586 587385 17 168.840744019 168.837036133
122 121 0 6 45586 45583 597645 37 168.837036133 168.825927734
120 133 2 0 45583 45567 607905 37 168.825927734 168.766662598
88 33 2 0 45567 45566 629235 78 168.766662598 168.762969971
86 12 0 6 45566 45548 652185 84 168.762969971 168.696289062
118 46 2 0 45548 45547 662715 38 168.696289062 168.692596436
104 44 0 2 45547 45515 676215 49 168.692596436 168.574081421
98 57 2 0 45515 45514 692685 60 168.574081421 168.570373535
84 114 2 0 45514 45503 716985 89 168.570373535 168.529632568
128 120 0 6 45503 45499 726435 34 168.529632568 168.514816284
230 123 0 7 45499 45496 729135 9 168.514816284 168.503707886
86 121 1 6 45496 45479 751545 82 168.503707886 168.440734863
332 126 0 7 45479 45478 752355 2 168.440734863 168.437042236
83 173 1 1 45478 45473 777465 92 168.437042236 168.418518066
93 172 1 2 45473 45459 793665 59 168.418518066 168.366668701
86 137 1 2 45459 45453 815265 79 168.366668701 168.344451904
87 137 1 1 45453 45427 836595 78 168.344451904 168.248153687
83 146 1 2 45427 45409 860895 89 168.248153687 168.181488037
81 81 1 2 45409 45403 887085 96 168.181488037 168.159255981
86 103 0 5 45403 45400 908685 79 168.159255981 168.148147583
96 87 2 0 45400 45388 924885 59 168.148147583 168.103698730
86 40 2 0 45388 45387 948105 85 168.103698730 168.100006104
112 37 0 6 45387 45377 961065 47 168.100006104 168.062957764
77 75 1 2 45377 45361 992115 114 168.062957764 168.003707886
76 167 1 2 45361 45352 1024515 119 168.003707886 167.970367432
112 117 0 6 45352 45351 1035585 40 167.970367432 167.966659546
80 136 2 0 45351 45340 1061235 94 167.966659546 167.925918579
76 84 1 3 45340 45322 1090935 109 167.925918579 167.859252930
74 64 1 2 45322 45304 1122255 115 167.859252930 167.792587280
91 78 1 1 45304 45303 1142775 75 167.792587280 167.788894653
72 37 1 5 45303 45297 1178685 132 167.788894653 167.766662598
138 5 2 0 45297 45295 1187055 30 167.766662598 167.759262085
108 36 0 6 45295 45278 1201905 54 167.759262085 167.696289062
71 72 1 2 45278 45253 1239165 137 167.696289062 167.603698730
66 107 1 5 45253 45243 1282635 160 167.603698730 167.566665649
76 79 1 2 45243 45242 1315035 119 167.566665649 167.562957764
86 66 1 1 45242 45239 1336635 79 167.562957764 167.551849365
67 21 1 6 45239 45193 1378485 154 167.551849365 167.381484985
71 29 1 5 45193 45192 1416285 139 167.381484985 167.377777100
76 27 0 6 45192 45191 1447335 114 167.377777100 167.374069214
104 12 2 0 45191 45182 1462455 55 167.374069214 167.340744019
60 94 1 6 45182 45167 1516995 201 167.340744019 167.285186768
66 24 0 5 45167 45166 1561815 165 167.285186768 167.281478882
96 12 2 0 45166 45158 1579095 63 167.281478882 167.251846313
64 24 0 5 45158 45155 1625805 172 167.251846313 167.240737915
42 137 0 0 45155 45152 1729485 383 167.240737915 167.229629517
46 156 2 0 45152 45146 1819935 334 167.229629517 167.207412720
67 156 1 2 45146 45145 1863675 161 167.207412720 167.203704834
28 156 0 1 45145 45142 2011905 548 167.203704834 167.192596436
92 135 2 0 45142 45139 2029455 64 167.192596436 167.181488037
9 46 1 2 45139 45126 2285145 946 167.181488037 167.133331299
74 20 2 0 45126 45124 2316465 115 167.133331299 167.125930786
60 16 1 6 45124 45122 2371815 204 167.125930786 167.118515015
38 19 0 5 45122 45121 2485755 421 167.118515015 167.114822388
