SetMedian AvgDist: 125.80741 TotalDist: 48465
V 333345556565556556565555565656555555655665656655566766677770001111011011111111111111111001121123334445555555555555555555545542212112122112121121112112112111112111221
Mean AvgDist: 119.58148 TotalDist: 1393065
V 333344555556556565565665565665565656655666556566677770010111111111111111111111111111111112233344455545555555555555555555422121212121211212121121211121211212
Time taken by program is : 94.82452sec
216 8 2 0 33968 33808 49545 2 125.807411194 125.214813232
204 86 0 1 33808 33770 50355 2 125.214813232 125.074073792
172 127 2 0 33770 33673 52245 6 125.074073792 124.714813232
168 128 2 0 33673 33589 54405 7 124.714813232 124.403701782
160 9 2 0 33589 33478 57105 9 124.403701782 123.992591858
152 140 2 0 33478 33394 59805 9 123.992591858 123.681480408
146 132 2 0 33394 33344 63045 11 123.681480408 123.496299744
142 49 2 0 33344 33175 66825 13 123.496299744 122.870368958
146 85 0 1 33175 33162 70335 12 122.870368958 122.822219849
138 5 2 0 33162 33103 74655 15 122.822219849 122.603706360
136 138 2 0 33103 33068 78975 15 122.603706360 122.474075317
134 55 2 0 33068 33036 83565 16 122.474075317 122.355552673
176 84 0 1 33036 33035 85725 7 122.355552673 122.351852417
138 85 2 0 33035 32946 90315 16 122.351852417 122.022224426
132 85 0 1 32946 32939 94905 16 122.022224426 121.996299744
130 86 2 0 32939 32875 99765 17 121.996299744 121.759262085
118 36 2 0 32875 32858 106785 25 121.759262085 121.696296692
118 87 1 1 32858 32823 113535 24 121.696296692 121.566665649
106 5 2 0 32823 32810 122985 34 121.566665649 121.518516541
104 59 2 0 32810 32782 133515 38 121.518516541 121.414817810
194 61 0 1 32782 32754 135945 8 121.414817810 121.311111450
102 137 2 0 32754 32748 147555 42 121.311111450 121.288887024
97 28 1 6 32748 32675 159975 45 121.288887024 121.018516541
90 151 1 1 32675 32668 175095 55 121.018516541 120.992591858
90 17 0 6 32668 32655 189675 53 120.992591858 120.944442749
118 10 2 0 32655 32644 197235 27 120.944442749 120.903701782
88 42 1 6 32644 32630 212625 56 120.903701782 120.851852417
96 45 0 5 32630 32617 225315 46 120.851852417 120.803703308
122 12 2 0 32617 32605 231795 23 120.803703308 120.759262085
114 5 2 0 32605 32587 240165 30 120.759262085 120.692588806
89 3 1 4 32587 32555 255285 55 120.692588806 120.574073792
83 17 1 6 32555 32512 271485 59 120.574073792 120.414817810
80 29 1 6 32512 32490 289035 64 120.414817810 120.333335876
180 61 0 1 32490 32488 291735 9 120.333335876 120.325927734
110 62 2 0 32488 32471 301455 35 120.325927734 120.262962341
94 45 0 5 32471 32468 315495 51 120.262962341 120.251853943
77 116 1 5 32468 32449 334665 70 120.251853943 120.181480408
76 143 1 2 32449 32415 354645 73 120.181480408 120.055557251
77 127 1 1 32415 32413 374355 72 120.055557251 120.048149109
78 153 0 2 32413 32412 393255 69 120.048149109 120.044441223
128 127 2 0 32412 32407 399465 22 120.044441223 120.025924683
77 148 1 2 32407 32397 419715 74 120.025924683 119.988891602
75 25 1 6 32397 32396 441855 81 119.988891602 119.985183716
108 25 2 0 32396 32390 451305 34 119.985183716 119.962959290
88 55 0 0 32390 32384 467235 58 119.962959290 119.940742493
66 21 0 5 32384 32382 495045 102 119.940742493 119.933334351
86 35 2 0 32382 32379 512595 64 119.933334351 119.922225952
60 122 0 1 32379 32358 550125 138 119.922225952 119.844444275
98 153 1 1 32358 32353 563085 47 119.844444275 119.825927734
87 154 1 2 32353 32335 579825 61 119.825927734 119.759262085
61 88 1 2 32335 32332 614115 126 119.759262085 119.748146057
36 20 0 6 32332 32330 701595 323 119.748146057 119.740737915
72 42 2 0 32330 32329 723465 80 119.740737915 119.737037659
70 33 1 6 32329 32328 747225 87 119.737037659 119.733329773
74 31 0 5 32328 32326 768555 78 119.733329773 119.725929260
82 38 2 0 32326 32321 787455 69 119.725929260 119.707405090
74 39 1 6 32321 32320 809595 81 119.707405090 119.703704834
64 10 0 6 32320 32312 839025 108 119.703704834 119.674072266
56 27 2 0 32312 32304 880605 153 119.674072266 119.644447327
44 5 0 4 32304 32300 948645 251 119.644447327 119.629631042
72 3 1 3 32300 32291 970785 81 119.629631042 119.596298218
28 100 1 4 32291 32287 1088235 434 119.596298218 119.581481934
