SetMedian AvgDist: 149.28889 TotalDist: 48465
X 333343455555666566666656665655545444544454444454556676777707070000007000076566566566665656767777001111211221222121221222122100101001111111112233343344544432222122222222
Mean AvgDist: 141.53334 TotalDist: 2200905
X 3333444555555565666566566656665655545444544454454455556677777000010000100076666566656665666777770111112122222122212221211101001010011111123344444444322211221212122
Time taken by program is : 203.18366sec
222 145 2 0 40308 40258 50895 7 149.288894653 149.103698730
220 147 2 0 40258 40254 53055 7 149.103698730 149.088882446
212 142 2 0 40254 40162 55755 9 149.088882446 148.748153687
200 142 2 0 40162 40116 60075 15 148.748153687 148.577774048
306 144 0 4 40116 40091 61965 6 148.577774048 148.485183716
196 142 2 0 40091 40084 67095 18 148.485183716 148.459259033
210 146 0 4 40084 40058 70605 12 148.459259033 148.362960815
218 143 2 0 40058 40055 73035 8 148.362960815 148.351852417
200 146 0 4 40055 40027 77625 16 148.351852417 148.248153687
182 75 2 0 40027 39861 83295 20 148.248153687 147.633331299
180 8 0 4 39861 39796 88965 20 147.633331299 147.392593384
174 7 0 4 39796 39782 94905 21 147.392593384 147.340744019
160 148 0 4 39782 39776 101655 24 147.340744019 147.318511963
188 149 2 0 39776 39762 106785 18 147.318511963 147.266662598
154 141 2 0 39762 39690 114345 27 147.266662598 147.000000000
142 54 2 0 39690 39527 122715 30 147.000000000 146.396301270
132 59 2 0 39527 39476 132975 37 146.396301270 146.207412720
126 0 2 0 39476 39435 144045 40 146.207412720 146.055557251
220 7 0 4 39435 39422 147555 12 146.055557251 146.007400513
160 6 0 5 39422 39419 155115 27 146.007400513 145.996292114
162 7 0 5 39419 39399 161595 23 145.996292114 145.922225952
126 3 2 0 39399 39389 173205 42 145.922225952 145.885177612
130 5 2 0 39389 39368 184545 41 145.885177612 145.807403564
120 77 2 0 39368 39338 196695 44 145.807403564 145.696289062
114 55 2 0 39338 39280 211005 52 145.696289062 145.481475830
140 63 0 1 39280 39252 220725 35 145.481475830 145.377777100
110 5 2 0 39252 39248 235305 53 145.377777100 145.362960815
224 7 0 4 39248 39233 238275 10 145.362960815 145.307403564
210 6 0 5 39233 39220 242055 13 145.307403564 145.259262085
176 7 0 5 39220 39210 248265 22 145.259262085 145.222229004
102 70 1 0 39210 39100 263655 56 145.222229004 144.814819336
98 111 2 0 39100 39008 280935 63 144.814819336 144.474075317
98 132 1 0 39008 38915 297945 62 144.474075317 144.129623413
96 8 2 0 38915 38877 315765 65 144.129623413 143.988891602
100 6 0 4 38877 38872 333045 63 143.988891602 143.970367432
96 156 0 1 38872 38853 350325 63 143.970367432 143.899993896
142 150 2 0 38853 38831 358695 30 143.899993896 143.818511963
112 158 0 1 38831 38792 372465 50 143.818511963 143.674072266
144 150 2 0 38792 38785 380835 30 143.674072266 143.648147583
110 146 0 5 38785 38780 395415 53 143.648147583 143.629623413
96 160 0 1 38780 38774 413235 65 143.629623413 143.607406616
142 151 2 0 38774 38769 421335 29 143.607406616 143.588882446
92 35 2 0 38769 38757 439695 67 143.588882446 143.544448853
94 61 1 0 38757 38726 458595 69 143.544448853 143.429626465
92 65 2 0 38726 38708 478035 71 143.429626465 143.362960815
90 88 1 6 38708 38658 498555 75 143.362960815 143.177780151
90 100 2 0 38658 38648 519075 75 143.177780151 143.140747070
212 149 0 2 38648 38646 522315 11 143.140747070 143.133331299
124 151 2 0 38646 38644 533655 41 143.133331299 143.125930786
212 150 0 2 38644 38643 536625 10 143.125930786 143.122222900
178 143 2 0 38643 38642 542565 21 143.122222900 143.118515015
100 96 2 0 38642 38632 559845 63 143.118515015 143.081481934
92 108 0 2 38632 38618 579015 70 143.081481934 143.029632568
96 157 2 0 38618 38600 597375 67 143.029632568 142.962966919
174 142 0 5 38600 38599 603585 22 142.962966919 142.959259033
88 80 2 0 38599 38597 624375 76 142.959259033 142.951858521
90 108 0 2 38597 38595 644625 74 142.951858521 142.944442749
102 100 2 0 38595 38572 660825 59 142.944442749 142.859252930
87 55 1 7 38572 38552 681885 77 142.859252930 142.785186768
86 79 0 6 38552 38542 702135 74 142.785186768 142.748153687
84 50 1 5 38542 38529 723735 79 142.748153687 142.699996948
82 37 0 5 38529 38524 747495 87 142.699996948 142.681488037
144 4 2 0 38524 38523 755595 29 142.681488037 142.677780151
86 14 0 6 38523 38510 776115 75 142.677780151 142.629623413
82 10 2 0 38510 38475 799065 84 142.629623413 142.500000000
120 6 0 4 38475 38463 811485 45 142.500000000 142.455551147
80 87 2 0 38463 38456 836595 92 142.455551147 142.429626465
78 159 0 1 38456 38450 862515 95 142.429626465 142.407409668
180 142 2 0 38450 38445 868455 21 142.407409668 142.388885498
77 94 1 7 38445 38419 894915 97 142.388885498 142.292587280
80 112 1 2 38419 38416 918675 87 142.292587280 142.281478882
70 128 1 0 38416 38399 948375 109 142.281478882 142.218521118
72 118 1 1 38399 38373 977265 106 142.218521118 142.122222900
67 70 1 1 38373 38353 1011285 125 142.122222900 142.048141479
66 113 1 1 38353 38333 1045305 125 142.048141479 141.974075317
72 116 0 2 38333 38323 1074735 108 141.974075317 141.937042236
92 121 2 0 38323 38316 1093365 68 141.937042236 141.911117554
66 22 1 5 38316 38298 1129275 132 141.911117554 141.844451904
64 78 0 5 38298 38294 1166535 137 141.844451904 141.829635620
90 91 2 0 38294 38292 1185435 69 141.829635620 141.822219849
79 90 1 7 38292 38287 1209465 88 141.822219849 141.803710938
78 78 0 6 38287 38279 1234305 91 141.803710938 141.774078369
68 47 1 5 38279 38278 1266435 118 141.774078369 141.770370483
59 9 1 5 38278 38264 1308555 155 141.770370483 141.718521118
48 37 2 0 38264 38252 1374165 242 141.718521118 141.674072266
48 128 0 1 38252 38250 1439775 242 141.674072266 141.666671753
92 121 2 0 38250 38244 1458675 69 141.666671753 141.644439697
75 127 1 0 38244 38237 1485405 98 141.644439697 141.618515015
66 128 0 1 38237 38230 1520775 130 141.618515015 141.592590332
86 103 2 0 38230 38220 1541835 77 141.592590332 141.555557251
30 146 0 4 38220 38218 1664415 453 141.555557251 141.548141479
12 35 0 4 38218 38214 1866915 749 141.548141479 141.533340454
