SetMedian AvgDist: 141.46666 TotalDist: 48465
Y 333344555555555556566556555656555555555566565565566556556565556677777001112121111212121121211110010101010001000111111111122333445454545443332221111121211121
Mean AvgDist: 135.78519 TotalDist: 1626345
Y 333344555555565556565655656566565656656556566565565656556556565566677777011111121211221211212111110100010010101011011111123344454554545454443221212112121112121122
Time taken by program is : 112.97096sec
414 127 0 5 38196 38154 49005 0 141.466659546 141.311111450
342 144 0 2 38154 38091 49545 1 141.311111450 141.077774048
296 145 0 2 38091 38055 50355 2 141.077774048 140.944442749
250 146 0 2 38055 38040 51165 2 140.944442749 140.888885498
206 128 0 5 38040 38029 52515 4 140.888885498 140.848144531
180 149 0 2 38029 37993 54945 8 140.848144531 140.714813232
180 139 2 0 37993 37930 57375 8 140.714813232 140.481475830
172 123 2 0 37930 37928 61425 14 140.481475830 140.474075317
306 124 0 4 37928 37898 62235 2 140.474075317 140.362960815
170 125 2 0 37898 37891 67095 17 140.362960815 140.337036133
170 138 2 0 37891 37883 72495 19 140.337036133 140.307403564
164 130 0 5 37883 37865 79245 24 140.307403564 140.240737915
154 121 2 0 37865 37845 87885 31 140.240737915 140.166671753
160 147 0 2 37845 37842 95175 26 140.166671753 140.155548096
166 139 2 0 37842 37819 101385 22 140.155548096 140.070373535
146 125 0 4 37819 37768 110295 32 140.070373535 139.881484985
131 32 1 6 37768 37620 120825 38 139.881484985 139.333328247
128 126 0 4 37620 37614 131895 40 139.333328247 139.311111450
184 130 2 0 37614 37609 134325 8 139.311111450 139.292587280
126 149 0 2 37609 37595 145395 40 139.292587280 139.240737915
164 140 2 0 37595 37574 151875 23 139.240737915 139.162963867
124 74 2 0 37574 37478 163485 42 139.162963867 138.807403564
118 36 1 6 37478 37376 176715 48 138.807403564 138.429626465
104 94 2 0 37376 37348 192645 58 138.429626465 138.325927734
104 140 0 1 37348 37339 208035 56 138.325927734 138.292587280
146 141 2 0 37339 37326 216135 29 138.292587280 138.244445801
100 33 1 6 37326 37236 232875 61 138.244445801 137.911117554
95 31 1 6 37236 37201 252585 72 137.911117554 137.781478882
97 26 1 6 37201 37147 270405 65 137.781478882 137.581481934
96 70 1 1 37147 37136 289035 68 137.581481934 137.540740967
92 38 1 6 37136 37091 309825 76 137.540740967 137.374069214
87 107 1 1 37091 37076 331965 81 137.374069214 137.318511963
85 118 1 2 37076 37030 354375 82 137.318511963 137.148147583
85 119 1 3 37030 36979 377055 83 137.148147583 136.959259033
84 3 1 4 36979 36966 399465 82 136.959259033 136.911117554
80 78 1 2 36966 36954 424305 91 136.911117554 136.866668701
158 134 2 0 36954 36953 432675 30 136.866668701 136.862960815
136 124 0 5 36953 36941 443475 39 136.862960815 136.818511963
90 75 2 0 36941 36940 463725 74 136.818511963 136.814819336
102 77 0 1 36940 36938 481275 64 136.814819336 136.807403564
79 157 1 2 36938 36922 506115 91 136.807403564 136.748153687
80 144 0 1 36922 36918 531765 94 136.748153687 136.733337402
78 76 1 2 36918 36903 556605 91 136.733337402 136.677780151
82 80 1 1 36903 36885 579015 82 136.677780151 136.611114502
80 81 1 2 36885 36867 601155 81 136.611114502 136.544448853
78 13 1 6 36867 36850 625455 89 136.544448853 136.481475830
77 24 1 6 36850 36835 650025 90 136.481475830 136.425918579
76 61 1 6 36835 36819 675405 93 136.425918579 136.366668701
75 49 1 5 36819 36811 701865 97 136.366668701 136.337036133
83 48 1 6 36811 36798 722925 77 136.337036133 136.288894653
72 99 1 0 36798 36795 751545 105 136.288894653 136.277770996
76 94 2 0 36795 36794 777195 94 136.277770996 136.274078369
92 103 0 1 36794 36789 796095 69 136.274078369 136.255554199
70 111 1 0 36789 36755 826875 113 136.255554199 136.129623413
66 19 0 5 36755 36731 862785 132 136.129623413 136.040740967
72 23 1 6 36731 36724 890055 100 136.040740967 136.014816284
88 20 0 5 36724 36718 909495 71 136.014816284 135.992599487
73 25 1 5 36718 36707 935415 95 135.992599487 135.951858521
74 37 1 6 36707 36706 960525 92 135.951858521 135.948150635
69 22 1 5 36706 36703 989955 108 135.948150635 135.937042236
79 19 1 6 36703 36696 1011015 77 135.937042236 135.911117554
65 3 1 3 36696 36692 1049355 141 135.911117554 135.896301270
62 156 1 2 36692 36691 1092015 157 135.896301270 135.892593384
102 155 2 0 36691 36675 1108485 60 135.892593384 135.833328247
50 34 0 5 36675 36674 1176525 251 135.833328247 135.829635620
75 23 1 6 36674 36670 1201365 91 135.829635620 135.814819336
70 39 1 5 36670 36664 1231335 110 135.814819336 135.792587280
100 148 0 1 36664 36663 1248345 62 135.792587280 135.788894653
64 23 1 5 36663 36662 1286145 139 135.788894653 135.785186768
