SetMedian AvgDist: 150.81482 TotalDist: 48465
Z 33343333333333343333333343445445556655666566766676666766664333333333333333333333334333334566767677777777777777777777767777777777777777070011112232232232232232232232222232222107707777777777777770777011111
Mean AvgDist: 141.45926 TotalDist: 1523205
Z 33333333333333333333343444555565666665666666666666666665433333333333333333333333334445556677777777777777777777777777777777777777777700111112222222222222222222222222222107777777777777777777070111122233
Time taken by program is : 176.14237sec
1886 202 0 3 40720 40630 49005 0 150.814819336 150.481475830
908 203 0 3 40630 40550 49545 1 150.481475830 150.185180664
868 204 0 3 40550 40526 50085 1 150.185180664 150.096298218
812 205 0 3 40526 40525 50625 1 150.096298218 150.092590332
234 3 2 0 40525 40403 53865 11 150.092590332 149.640747070
230 87 0 5 40403 40390 56835 10 149.640747070 149.592590332
224 0 2 0 40390 40346 59805 10 149.592590332 149.429626465
194 0 2 0 40346 40330 63045 11 149.429626465 149.370376587
192 142 2 0 40330 40194 66285 11 149.370376587 148.866668701
176 56 2 0 40194 40149 70605 15 148.866668701 148.699996948
160 89 2 0 40149 40096 75735 18 148.699996948 148.503707886
156 83 0 4 40096 40086 80865 18 148.503707886 148.466659546
164 56 2 0 40086 40049 85455 16 148.466659546 148.329635620
152 142 2 0 40049 39985 90585 18 148.329635620 148.092590332
150 56 2 0 39985 39982 96255 20 148.092590332 148.081481934
154 29 0 6 39982 39978 101385 18 148.081481934 148.066665649
152 113 0 7 39978 39975 107055 20 148.066665649 148.055557251
138 201 1 2 39975 39844 113535 23 148.055557251 147.570373535
192 197 2 0 39844 39843 117045 12 147.570373535 147.566665649
342 196 0 2 39843 39839 118935 6 147.566665649 147.551849365
136 145 2 0 39839 39779 125685 24 147.551849365 147.329635620
180 147 0 2 39779 39761 130005 15 147.329635620 147.262969971
144 148 0 2 39761 39751 136755 24 147.262969971 147.225921631
192 199 2 0 39751 39750 140265 12 147.225921631 147.222229004
144 155 2 0 39750 39666 146475 22 147.222229004 146.911117554
154 157 0 2 39666 39656 151875 19 146.911117554 146.874069214
132 149 2 0 39656 39602 159165 26 146.874069214 146.674072266
748 200 0 3 39602 39601 160515 4 146.674072266 146.670364380
148 157 0 2 39601 39600 166455 21 146.670364380 146.666671753
136 139 2 0 39600 39580 172935 23 146.666671753 146.592590332
130 55 0 5 39580 39536 181035 29 146.592590332 146.429626465
122 171 2 0 39536 39532 190215 33 146.429626465 146.414810181
120 172 1 7 39532 39457 199125 32 146.414810181 146.137039185
128 158 0 2 39457 39454 208035 32 146.137039185 146.125930786
130 140 2 0 39454 39452 216135 29 146.125930786 146.118515015
134 158 0 2 39452 39448 224235 29 146.118515015 146.103698730
132 165 2 0 39448 39378 232065 28 146.103698730 145.844451904
124 159 2 0 39378 39342 241515 34 145.844451904 145.711105347
180 150 0 2 39342 39332 246375 17 145.711105347 145.674072266
116 78 1 3 39332 39274 256365 36 145.674072266 145.459259033
184 58 2 0 39274 39270 260955 16 145.459259033 145.444442749
114 131 1 7 39270 39216 272295 41 145.444442749 145.244445801
160 92 2 0 39216 39209 278775 23 145.244445801 145.218521118
113 42 1 6 39209 39109 290655 43 145.218521118 144.848144531
116 39 1 6 39109 39045 301725 40 144.848144531 144.611114502
106 34 1 6 39045 38955 314415 46 144.611114502 144.277770996
104 83 2 0 38955 38933 328185 50 144.277770996 144.196289062
106 46 1 6 38933 38853 340335 44 144.196289062 143.899993896
103 185 1 7 38853 38828 353565 48 143.899993896 143.807403564
98 112 2 0 38828 38804 367605 51 143.807403564 143.718521118
164 90 0 7 38804 38800 372735 18 143.718521118 143.703704834
104 81 0 4 38800 38768 385965 48 143.703704834 143.585189819
178 81 0 3 38768 38749 390555 16 143.585189819 143.514816284
94 86 1 5 38749 38694 406215 57 143.514816284 143.311111450
152 94 2 0 38694 38687 413505 26 143.311111450 143.285186768
106 88 2 0 38687 38683 426195 46 143.285186768 143.270370483
156 82 0 3 38683 38682 432675 23 143.270370483 143.266662598
100 93 1 7 38682 38672 446985 52 143.266662598 143.229629517
93 195 1 2 38672 38654 462645 57 143.229629517 143.162963867
182 196 2 0 38654 38650 467235 16 143.162963867 143.148147583
90 189 0 0 38650 38625 483705 60 143.148147583 143.055557251
88 12 2 0 38625 38613 501255 64 143.055557251 143.011108398
102 24 1 3 38613 38597 515025 50 143.011108398 142.951858521
92 22 1 3 38597 38562 531225 59 142.951858521 142.822219849
202 0 2 0 38562 38555 535275 14 142.822219849 142.796295166
108 25 0 5 38555 38552 547695 45 142.796295166 142.785186768
84 50 2 0 38552 38545 565515 65 142.785186768 142.759262085
94 54 1 5 38545 38449 580905 56 142.759262085 142.403701782
178 56 2 0 38449 38445 585225 15 142.403701782 142.388885498
102 30 0 6 38445 38424 598725 49 142.388885498 142.311111450
90 28 2 0 38424 38412 615195 60 142.311111450 142.266662598
106 30 0 6 38412 38405 627885 46 142.266662598 142.240737915
91 35 1 6 38405 38401 644085 59 142.240737915 142.225921631
85 147 1 2 38401 38394 661905 65 142.225921631 142.199996948
84 188 1 1 38394 38380 680535 68 142.199996948 142.148147583
78 26 1 5 38380 38339 700785 74 142.148147583 141.996292114
76 82 2 0 38339 38325 721305 75 141.996292114 141.944442749
172 81 0 3 38325 38308 726435 18 141.944442749 141.881484985
76 189 1 1 38308 38290 747225 76 141.881484985 141.814819336
70 197 2 0 38290 38286 770715 86 141.814819336 141.800003052
632 194 0 3 38286 38285 771795 3 141.800003052 141.796295166
68 186 0 0 38285 38281 795285 86 141.796295166 141.781478882
200 195 2 0 38281 38278 799605 15 141.781478882 141.770370483
67 193 1 2 38278 38268 824175 90 141.770370483 141.733337402
64 136 0 1 38268 38247 850095 95 141.733337402 141.655548096
154 137 2 0 38247 38240 856305 22 141.655548096 141.629623413
68 130 0 7 38240 38238 880335 88 141.629623413 141.622222900
67 54 1 6 38238 38237 904365 88 141.622222900 141.618515015
104 29 2 0 38237 38223 918135 50 141.618515015 141.566665649
54 23 2 0 38223 38221 953505 130 141.566665649 141.559265137
1368 0 0 3 38221 38217 953775 0 141.559265137 141.544448853
190 0 2 0 38217 38206 957825 14 141.544448853 141.503707886
62 22 0 4 38206 38204 986445 105 141.503707886 141.496292114
64 23 2 0 38204 38203 1013445 99 141.496292114 141.492599487
570 20 0 3 38203 38199 1015065 5 141.492599487 141.477783203
53 37 1 5 38199 38196 1052325 137 141.477783203 141.466659546
28 84 0 4 38196 38194 1151685 367 141.466659546 141.459259033
