SetMedian AvgDist: 123.24167 TotalDist: 32310
B 333343323433333343454545556655566655544444455555565665666676776776777777777776777777777707777701111111121111112121121111212111111222111232333233333
Mean AvgDist: 116.33611 TotalDist: 1409870
B 33333333333434434445455555565665665554444454555555556566566666767677677777777777777777770777777001111111112111112111111121111121111121111212223223233233
Time taken by program is : 134.45330sec
252 4 2 0 44367 44193 34107 3 123.241668701 122.758331299
270 6 2 0 44193 43986 35544 3 122.758331299 122.183334351
330 7 0 3 43986 43970 36264 1 122.183334351 122.138885498
204 41 0 5 43970 43729 39856 9 122.138885498 121.469444275
190 42 0 5 43729 43625 43448 9 121.469444275 121.180557251
185 78 1 7 43625 43453 47039 9 121.180557251 120.702774048
146 16 1 5 43453 43436 51704 12 120.702774048 120.655555725
264 8 0 3 43436 43435 53142 3 120.655555725 120.652778625
152 10 2 0 43435 43397 57448 11 120.652778625 120.547225952
144 21 1 5 43397 43315 62114 12 120.547225952 120.319442749
143 132 1 1 43315 43226 67136 13 120.319442749 120.072219849
146 59 2 0 43226 43210 72159 13 120.072219849 120.027778625
264 9 0 3 43210 43209 73597 3 120.027778625 120.025001526
150 61 2 0 43209 43174 77904 11 120.025001526 119.927780151
146 11 2 0 43174 43144 84006 16 119.927780151 119.844444275
143 29 1 6 43144 43077 90468 17 119.844444275 119.658332825
140 121 1 1 43077 42989 97647 19 119.658332825 119.413887024
136 12 0 4 42989 42947 105903 22 119.413887024 119.297225952
166 14 0 4 42947 42924 109854 10 119.297225952 119.233329773
228 0 2 0 42924 42910 112011 5 119.233329773 119.194442749
132 134 0 2 42910 42794 120267 22 119.194442749 118.872222900
136 88 0 7 42794 42791 127802 20 118.872222900 118.863891602
131 131 1 1 42791 42719 135334 20 118.863891602 118.663887024
128 14 2 0 42719 42695 142866 20 118.663887024 118.597221375
1654 0 0 3 42695 42670 143226 0 118.597221375 118.527778625
238 0 2 0 42670 42645 144663 3 118.527778625 118.458335876
122 51 0 5 42645 42600 153275 23 118.458335876 118.333335876
138 67 2 0 42600 42579 159378 16 118.333335876 118.275001526
125 29 1 6 42579 42568 167634 22 118.275001526 118.244445801
119 113 1 1 42568 42521 176970 25 118.244445801 118.113891602
122 140 0 2 42521 42465 187023 27 118.113891602 117.958335876
136 141 2 0 42465 42421 193483 17 117.958335876 117.836112976
115 130 1 1 42421 42403 204617 30 117.836112976 117.786109924
126 67 2 0 42403 42402 212154 20 117.786109924 117.783332825
162 61 0 7 42402 42397 217183 13 117.783332825 117.769447327
123 94 1 0 42397 42313 226156 24 117.769447327 117.536109924
114 136 1 2 42313 42304 238365 33 117.536109924 117.511108398
114 36 1 4 42304 42294 250216 32 117.511108398 117.483329773
110 26 1 5 42294 42210 264585 39 117.483329773 117.250000000
106 17 1 4 42210 42180 280746 44 117.250000000 117.166664124
102 106 0 2 42180 42169 299061 50 117.166664124 117.136108398
134 145 2 0 42169 42163 306958 21 117.136108398 117.119445801
119 106 1 1 42163 42139 318090 30 117.119445801 117.052780151
136 101 0 2 42139 42137 324557 17 117.052780151 117.047225952
119 101 1 1 42137 42080 335683 30 117.047225952 116.888885498
114 135 1 2 42080 42072 348965 36 116.888885498 116.866668701
101 123 1 1 42072 42064 367273 50 116.866668701 116.844444275
100 61 0 6 42064 42058 386652 53 116.844444275 116.827774048
99 52 1 5 42058 42033 406749 55 116.827774048 116.758331299
97 90 1 7 42033 42020 425413 51 116.758331299 116.722221375
98 13 2 0 42020 42011 445514 55 116.722221375 116.697219849
368 10 0 3 42011 42007 446234 1 116.697219849 116.686111450
96 42 2 0 42007 42006 467415 58 116.686111450 116.683334351
100 31 1 5 42006 42003 486445 52 116.683334351 116.675003052
91 130 1 2 42003 42001 510504 66 116.675003052 116.669441223
93 40 1 5 42001 41999 535279 68 116.669441223 116.663887024
87 147 1 2 41999 41966 564354 80 116.663887024 116.572219849
74 108 0 2 41966 41962 609953 126 116.572219849 116.561111450
111 108 1 1 41962 41945 623593 37 116.561111450 116.513885498
90 111 1 2 41945 41933 650876 75 116.513885498 116.480552673
126 144 2 0 41933 41931 661273 28 116.480552673 116.474998474
111 114 1 1 41931 41930 678134 46 116.474998474 116.472221375
108 147 0 3 41930 41926 695355 47 116.472221375 116.461112976
89 125 1 2 41926 41916 721199 71 116.461112976 116.433334351
75 40 1 4 41916 41915 761779 112 116.433334351 116.430557251
70 36 1 5 41915 41898 813511 143 116.430557251 116.383331299
67 87 1 0 41898 41889 874945 170 116.383331299 116.358329773
80 52 0 6 41889 41881 908347 92 116.358329773 116.336112976
