SetMedian AvgDist: 116.56667 TotalDist: 32310
C 3333333333345455555556567677001111076766666656566565656555555544434433333432333333332332323433444566667677677776777076770777777770770700000011101111111211111221211222122222232232
Mean AvgDist: 108.77778 TotalDist: 1322970
C 33333334445455555555566677770011110777766766666665666556555555554443433333333333333332333233334455566767767777777777777777777770770700001010111111111111112121212222222222232323233
Time taken by program is : 161.76169sec
498 34 0 7 41964 41942 33749 2 116.566665649 116.505554199
292 178 0 3 41942 41811 34828 2 116.505554199 116.141670227
272 179 0 3 41811 41743 35907 2 116.141670227 115.952774048
232 0 2 0 41743 41604 37346 3 115.952774048 115.566665649
213 115 1 7 41604 41365 39863 6 115.566665649 114.902778625
206 0 2 0 41365 41312 42380 6 114.902778625 114.755554199
258 11 0 5 41312 41269 44178 4 114.755554199 114.636108398
194 120 1 7 41269 41092 46695 6 114.636108398 114.144447327
190 75 2 0 41092 40914 49572 7 114.144447327 113.650001526
185 90 1 3 40914 40746 52809 8 113.650001526 113.183334351
166 44 2 0 40746 40659 57124 11 113.183334351 112.941665649
266 32 0 0 40659 40655 58561 3 112.941665649 112.930557251
162 116 1 7 40655 40529 62517 10 112.930557251 112.580558777
157 73 1 3 40529 40434 68630 16 112.580558777 112.316665649
156 86 2 0 40434 40393 74743 16 112.316665649 112.202774048
192 67 0 3 40393 40389 77259 6 112.202774048 112.191665649
164 65 2 0 40389 40355 81935 12 112.191665649 112.097221375
154 35 1 7 40355 40253 88409 17 112.097221375 111.813888550
154 33 2 0 40253 40225 95243 18 111.813888550 111.736114502
758 28 0 1 40225 40224 95603 0 111.736114502 111.733329773
180 29 0 1 40224 40223 98478 7 111.733329773 111.730552673
152 101 2 0 40223 40198 104954 17 111.730552673 111.661109924
172 177 0 3 40198 40197 108910 10 111.661109924 111.658332825
162 102 2 0 40197 40195 113946 13 111.658332825 111.652778625
160 101 0 7 40195 40181 118983 13 111.652778625 111.613891602
146 149 2 0 40181 40117 126897 21 111.613891602 111.436111450
140 175 1 2 40117 40022 137691 29 111.436111450 111.172225952
141 177 1 3 40022 39950 148485 29 111.172225952 110.972221375
140 97 2 0 39950 39917 159638 30 110.972221375 110.880554199
148 95 1 5 39917 39789 166833 19 110.880554199 110.525001526
160 84 0 3 39789 39787 172229 14 110.525001526 110.519447327
226 28 2 0 39787 39785 174386 5 110.519447327 110.513885498
194 28 2 0 39785 39784 177621 8 110.513885498 110.511108398
184 31 0 0 39784 39776 181577 10 110.511108398 110.488891602
146 172 0 2 39776 39773 190211 23 110.488891602 110.480552673
138 46 2 0 39773 39757 199923 26 110.480552673 110.436111450
158 53 0 5 39757 39755 206037 16 110.436111450 110.430557251
138 31 1 1 39755 39686 216469 28 110.430557251 110.238891602
136 137 2 0 39686 39672 227620 30 110.238891602 110.199996948
156 152 0 1 39672 39656 234094 17 110.199996948 110.155555725
134 8 0 4 39656 39626 246326 33 110.155555725 110.072219849
184 0 2 0 39626 39584 249563 8 110.072219849 109.955558777
132 153 2 0 39584 39582 263593 38 109.955558777 109.949996948
144 172 0 2 39582 39579 271148 20 109.949996948 109.941665649
144 137 2 0 39579 39566 278342 19 109.941665649 109.905555725
126 48 2 0 39566 39564 294170 43 109.905555725 109.900001526
140 38 0 6 39564 39560 303883 26 109.900001526 109.888885498
130 152 0 1 39560 39558 317553 37 109.888885498 109.883331299
111 24 1 7 39558 39536 339860 61 109.883331299 109.822219849
170 21 0 6 39536 39525 344538 12 109.822219849 109.791664124
138 38 2 0 39525 39523 355330 29 109.791664124 109.786109924
120 47 0 5 39523 39500 374397 52 109.786109924 109.722221375
130 63 2 0 39500 39497 388426 38 109.722221375 109.713890076
103 171 1 3 39497 39471 415051 73 109.713890076 109.641670227
128 168 2 0 39471 39466 429802 40 109.641670227 109.627777100
148 172 0 2 39466 39435 438797 24 109.627777100 109.541664124
102 131 2 0 39435 39421 466862 77 109.541664124 109.502777100
108 108 1 7 39421 39413 491329 67 109.502777100 109.480552673
98 22 2 0 39413 39369 520835 81 109.480552673 109.358329773
158 20 0 5 39369 39341 528390 20 109.358329773 109.280555725
94 160 1 2 39341 39332 561134 90 109.280555725 109.255554199
172 103 0 7 39332 39330 566892 15 109.255554199 109.250000000
162 105 2 0 39330 39321 573367 17 109.250000000 109.224998474
122 135 0 1 39321 39313 590638 47 109.224998474 109.202774048
152 173 2 0 39313 39301 599632 24 109.202774048 109.169441223
102 172 0 3 39301 39300 626980 75 109.169441223 109.166664124
136 158 2 0 39300 39296 639930 35 109.166664124 109.155555725
82 157 0 2 39296 39291 681669 115 109.155555725 109.141670227
80 38 0 7 39291 39277 724486 118 109.141670227 109.102775574
188 10 2 0 39277 39272 728084 9 109.102775574 109.088890076
162 20 0 5 39272 39246 734560 17 109.088890076 109.016670227
140 54 2 0 39246 39243 746793 33 109.016670227 109.008331299
128 53 0 5 39243 39234 762623 43 109.008331299 108.983329773
97 56 1 5 39234 39228 792847 83 108.983329773 108.966667175
146 55 2 0 39228 39216 802200 25 108.966667175 108.933334351
118 40 0 6 39216 39205 823429 58 108.933334351 108.902778625
79 98 1 5 39205 39176 866966 120 108.902778625 108.822219849
78 8 1 4 39176 39160 911943 124 108.822219849 108.777778625
