SetMedian AvgDist: 102.07222 TotalDist: 32310
D 334443333333334434344444544445454554455555555556565556676676676676777777777777777777777011111111111211111121111211111121111111111111111
Mean AvgDist: 97.55556 TotalDist: 1088131
D 3333333333433434343443444444454545455555555555565665666666676676767767777777777777777777700111111212121111112111121111112111111111111112122
Time taken by program is : 88.35434sec
674 0 0 3 36746 36681 33030 0 102.072219849 101.891670227
434 136 0 3 36681 36678 33748 1 101.891670227 101.883331299
290 65 0 7 36678 36578 34823 2 101.883331299 101.605552673
258 66 0 7 36578 36568 36257 3 101.605552673 101.577774048
252 4 2 0 36568 36373 37691 3 101.577774048 101.036109924
226 4 2 0 36373 36226 39841 5 101.036109924 100.627777100
162 4 2 0 36226 36174 44503 12 100.627777100 100.483329773
158 135 1 1 36174 36160 49166 12 100.483329773 100.444442749
158 35 1 5 36160 36053 53831 12 100.444442749 100.147224426
320 13 0 3 36053 36048 54911 2 100.147224426 100.133331299
158 51 1 6 36048 35906 59577 12 100.133331299 99.738891602
158 137 1 2 35906 35761 64602 13 99.738891602 99.336112976
146 90 2 0 35761 35737 69984 14 99.336112976 99.269447327
133 135 1 2 35737 35651 76804 18 99.269447327 99.030555725
126 55 2 0 35651 35601 84700 21 99.030555725 98.891670227
127 52 1 6 35601 35546 93673 24 98.891670227 98.738891602
130 50 0 6 35546 35503 101928 22 98.738891602 98.619445801
117 35 1 5 35503 35484 111980 27 98.619445801 98.566665649
136 15 0 3 35484 35473 118439 17 98.566665649 98.536109924
238 0 2 0 35473 35435 120233 4 98.536109924 98.430557251
106 24 1 4 35435 35389 133155 35 98.430557251 98.302780151
99 134 1 2 35389 35380 148230 41 98.302780151 98.277778625
97 98 1 2 35380 35323 165821 48 98.277778625 98.119445801
98 67 0 7 35323 35295 182330 45 98.119445801 98.041664124
120 63 2 0 35295 35282 191656 25 98.041664124 98.005554199
94 88 1 0 35282 35218 212110 56 98.005554199 97.827774048
196 64 0 7 35218 35217 214982 7 97.827774048 97.824996948
84 10 1 4 35217 35175 240832 71 97.824996948 97.708335876
75 100 1 2 35175 35162 273513 90 97.708335876 97.672225952
70 21 1 3 35162 35153 314093 112 97.672225952 97.647224426
58 58 0 6 35153 35147 379487 181 97.647224426 97.630554199
110 64 2 0 35147 35139 391316 32 97.630554199 97.608329773
62 34 1 4 35139 35132 445554 150 97.608329773 97.588890076
20 136 0 1 35132 35130 648156 564 97.588890076 97.583335876
82 97 1 2 35130 35121 677224 80 97.583335876 97.558334351
104 100 1 1 35121 35120 691214 38 97.558334351 97.555557251
