SetMedian AvgDist: 172.76944 TotalDist: 32310
E 33333333333333333344454556776777777077776777777777665666555432333233333333333455556676777767776767776776565555433233333333233333323333455555676776677776777767777777767777700111111112112111211111121112111211122122222233233
Mean AvgDist: 161.18056 TotalDist: 2233105
E 33333333333444556676777777777777777677777665565555433333333333333333445566767777767777777777776655655554333333333333333333333334455566767777777777777777777777777777770011111111211121112111211211121111211211223233233233233
Time taken by program is : 412.77006sec
808 211 0 3 62197 62086 33387 1 172.769439697 172.461105347
700 210 0 3 62086 62044 34104 1 172.461105347 172.344451904
420 211 0 3 62044 61984 36259 5 172.344451904 172.177780151
420 0 2 0 61984 61759 38054 4 172.177780151 171.552780151
398 0 2 0 61759 61552 40209 5 171.552780151 170.977783203
398 81 0 7 61552 61526 42724 6 170.977783203 170.905548096
380 0 2 0 61526 61357 45959 8 170.905548096 170.436111450
356 0 2 0 61357 61222 49194 8 170.436111450 170.061111450
352 142 0 7 61222 61117 52429 8 170.061111450 169.769439697
346 0 2 0 61117 60998 55304 7 169.769439697 169.438888550
334 0 2 0 60998 60898 58180 7 169.438888550 169.161117554
316 0 2 0 60898 60833 61774 9 169.161117554 168.980560303
312 136 0 7 60833 60805 65728 10 168.980560303 168.902770996
290 54 0 3 60805 60796 70042 11 168.902770996 168.877777100
286 0 2 0 60796 60794 74356 11 168.877777100 168.872222900
282 210 0 3 60794 60761 78671 11 168.872222900 168.780548096
260 212 0 3 60761 60747 84064 14 168.780548096 168.741668701
240 54 2 0 60747 60620 89816 15 168.741668701 168.388885498
282 57 0 3 60620 60618 93770 10 168.388885498 168.383331299
224 141 0 7 60618 60609 100601 18 168.383331299 168.358337402
222 107 2 0 60609 60516 107791 19 168.358337402 168.100006104
298 122 0 3 60516 60463 111386 9 168.100006104 167.952774048
228 84 0 7 60463 60422 118575 19 167.952774048 167.838882446
220 208 2 0 60422 60402 126124 20 167.838882446 167.783340454
294 214 0 3 60402 60395 129359 8 167.783340454 167.763885498
222 208 2 0 60395 60323 136549 19 167.763885498 167.563888550
316 215 0 3 60323 60302 139784 8 167.563888550 167.505554199
206 209 2 0 60302 60287 148055 22 167.505554199 167.463882446
202 52 2 0 60287 60286 157045 24 167.463882446 167.461105347
198 27 2 0 60286 60098 166035 24 167.461105347 166.938888550
276 56 0 3 60098 60094 169631 9 166.938888550 166.927780151
186 57 2 0 60094 60023 180419 29 166.927780151 166.730560303
186 98 0 5 60023 59975 191565 30 166.730560303 166.597229004
186 143 1 7 59975 59763 201633 27 166.597229004 166.008331299
180 74 2 0 59763 59735 213138 31 166.008331299 165.930557251
216 82 0 7 59735 59710 219970 18 165.930557251 165.861114502
176 135 2 0 59710 59682 232196 33 165.861114502 165.783340454
192 141 0 7 59682 59656 241187 24 165.783340454 165.711105347
174 123 2 0 59656 59640 254134 35 165.711105347 165.666671753
252 115 0 3 59640 59615 259168 13 165.666671753 165.597229004
174 116 2 0 59615 59576 271395 33 165.597229004 165.488891602
164 161 1 7 59576 59437 285060 37 165.488891602 165.102783203
167 152 1 7 59437 59317 298364 36 165.102783203 164.769439697
160 11 0 3 59317 59314 312747 39 164.769439697 164.761108398
276 0 2 0 59314 59295 317061 11 164.761108398 164.708328247
154 87 0 7 59295 59286 333243 44 164.708328247 164.683334351
168 88 2 0 59286 59149 346547 36 164.683334351 164.302780151
152 128 2 0 59149 59043 363809 47 164.302780151 164.008331299
151 213 1 3 59043 58943 381071 47 164.008331299 163.730560303
148 179 0 1 58943 58920 398693 48 163.730560303 163.666671753
162 133 2 0 58920 58917 413076 39 163.666671753 163.658340454
258 139 0 7 58917 58898 417749 12 163.658340454 163.605560303
142 69 2 0 58898 58807 436811 52 163.605560303 163.352783203
137 145 1 7 58807 58737 456592 54 163.352783203 163.158340454
212 206 2 0 58737 58734 464142 20 163.158340454 163.149993896
448 209 0 3 58734 58728 466300 5 163.149993896 163.133331299
127 88 1 7 58728 58674 491841 70 163.133331299 162.983337402
123 46 1 5 58674 58585 517382 70 162.983337402 162.736114502
116 67 0 4 58585 58584 546157 79 162.736114502 162.733337402
130 68 2 0 58584 58547 568817 62 162.733337402 162.630554199
148 31 0 7 58547 58546 587160 50 162.630554199 162.627777100
176 18 2 0 58546 58515 599748 34 162.627777100 162.541671753
142 67 0 3 58515 58509 620248 56 162.541671753 162.524993896
114 9 2 0 58509 58493 648664 78 162.524993896 162.480560303
578 10 0 3 58493 58472 650102 3 162.480560303 162.422225952
114 140 1 7 58472 58465 678517 78 162.422225952 162.402770996
112 70 2 0 58465 58431 708012 81 162.402770996 162.308334351
109 127 1 4 58431 58330 737864 82 162.308334351 162.027770996
104 44 1 5 58330 58290 771675 93 162.027770996 161.916671753
104 126 0 3 58290 58284 805486 93 161.916671753 161.899993896
100 16 1 6 58284 58270 841819 100 161.899993896 161.861114502
102 31 1 7 58270 58257 877074 97 161.861114502 161.824996948
99 204 1 1 58257 58238 913048 99 161.824996948 161.772216797
100 188 1 2 58238 58215 946861 93 161.772216797 161.708328247
96 96 0 6 58215 58190 983192 100 161.708328247 161.638885498
107 92 1 7 58190 58180 1014485 86 161.638885498 161.611114502
242 105 2 0 58180 58179 1020596 16 161.611114502 161.608337402
94 199 1 1 58179 58176 1060159 109 161.608337402 161.600006104
93 14 1 5 58176 58118 1099362 108 161.600006104 161.438888550
91 13 1 4 58118 58103 1140361 113 161.438888550 161.397216797
87 200 1 2 58103 58098 1185318 124 161.397216797 161.383331299
74 135 0 6 58098 58089 1246106 168 161.383331299 161.358337402
202 136 2 0 58089 58065 1254014 21 161.358337402 161.291671753
194 76 2 0 58065 58063 1263000 24 161.291671753 161.286117554
104 126 0 3 58063 58059 1295729 90 161.286117554 161.274993896
57 35 1 6 58059 58058 1398973 286 161.274993896 161.272216797
37 208 1 2 58058 58056 1573428 484 161.272216797 161.266662598
256 213 0 3 58056 58050 1579178 15 161.266662598 161.250000000
102 206 2 0 58050 58048 1611912 90 161.250000000 161.244445801
188 215 0 3 58048 58041 1623060 30 161.244445801 161.225006104
220 208 2 0 58041 58025 1630250 19 161.225006104 161.180557251
