SetMedian AvgDist: 111.72222 TotalDist: 32310
I 333445455555556555556555555555655555555555655567677700111112111111211111111111111212111111112111
Mean AvgDist: 109.48333 TotalDist: 1058556
I 33334455555556555556555655555565555565555565556566777777011111112121112111211111121112111111111121122
Time taken by program is : 53.82124sec
866 46 0 7 40220 40210 33390 1 111.722221375 111.694442749
756 49 0 7 40210 40163 34470 2 111.694442749 111.563888550
648 3 0 3 40163 40106 36267 4 111.563888550 111.405555725
314 55 0 7 40106 40064 41644 14 111.405555725 111.288887024
292 56 0 7 40064 40063 47732 16 111.288887024 111.286109924
242 47 2 0 40063 39963 55963 22 111.286109924 111.008331299
218 48 2 0 39963 39924 65627 26 111.008331299 110.900001526
338 55 0 7 39924 39915 70289 12 110.900001526 110.875000000
214 48 2 0 39915 39892 79236 24 110.875000000 110.811111450
168 98 0 2 39892 39810 96055 46 110.811111450 110.583335876
128 45 1 6 39810 39758 117882 60 110.583335876 110.438888550
142 43 0 5 39758 39749 136848 52 110.438888550 110.413887024
140 6 2 0 39749 39736 156528 54 110.413887024 110.377777100
138 43 0 5 39736 39718 177639 58 110.377777100 110.327774048
170 4 2 0 39718 39700 192665 41 110.327774048 110.277778625
108 99 1 2 39700 39656 217708 69 110.277778625 110.155555725
106 86 1 1 39656 39623 243828 72 110.155555725 110.063888550
87 80 1 2 39623 39595 278201 95 110.063888550 109.986114502
96 62 0 1 39595 39593 310415 89 109.986114502 109.980552673
124 64 2 0 39593 39567 333298 63 109.980552673 109.908332825
92 62 0 2 39567 39557 366588 92 109.908332825 109.880554199
154 55 2 0 39557 39553 382670 44 109.880554199 109.869445801
103 41 1 6 39553 39551 410218 76 109.869445801 109.863891602
104 43 0 5 39551 39546 437408 75 109.863891602 109.849998474
114 44 2 0 39546 39530 459933 62 109.849998474 109.805557251
92 23 0 6 39530 39505 493212 92 109.805557251 109.736114502
83 77 1 2 39505 39488 532597 109 109.736114502 109.688888550
77 36 1 6 39488 39472 577734 125 109.688888550 109.644447327
72 66 1 2 39472 39437 628615 141 109.644447327 109.547225952
73 74 1 2 39437 39431 678775 139 109.547225952 109.530555725
102 77 1 1 39431 39419 705589 74 109.530555725 109.497222900
73 62 1 1 39419 39414 754675 136 109.497222900 109.483329773
