SetMedian AvgDist: 171.80727 TotalDist: 31951
J 33333333333434555455567000776776655555556555555556555565556555656566666767676777777777077070000111111223332323432333334333433221211111111212111121111110077777767767770011111233333323333333233
Mean AvgDist: 159.68994 TotalDist: 1992681
J 333333334344455566777777777777665555555555555555555555555556565666667677777777777777070770000001111112233334443444343333333322221121111111111111111111100777777777770011112233233333332323
Time taken by program is : 277.12963sec
406 28 0 7 61507 61364 35527 8 171.807266235 171.407821655
404 29 0 7 61364 61276 38745 8 171.407821655 171.162017822
342 30 0 7 61276 61242 41962 8 171.162017822 171.067031860
302 0 2 0 61242 61152 45892 10 171.067031860 170.815643311
288 176 2 0 61152 61101 49824 10 170.815643311 170.673187256
288 176 2 0 61101 61060 54115 11 170.673187256 170.558654785
290 176 2 0 61060 61039 58406 11 170.558654785 170.500000000
284 0 2 0 61039 60987 62697 11 170.500000000 170.354751587
260 0 2 0 60987 60979 68777 16 170.354751587 170.332397461
262 28 0 7 60979 60937 74858 16 170.332397461 170.215087891
256 20 2 0 60937 60739 80939 16 170.215087891 169.662017822
270 28 0 7 60739 60712 86662 15 169.662017822 169.586593628
254 20 2 0 60712 60520 93101 17 169.586593628 169.050277710
270 28 0 7 60520 60505 98824 15 169.050277710 169.008377075
244 160 2 0 60505 60352 106337 20 169.008377075 168.581008911
242 162 2 0 60352 60226 113850 20 168.581008911 168.229049683
240 20 2 0 60226 60042 121363 20 168.229049683 167.715087891
276 28 0 7 60042 60036 126728 14 167.715087891 167.698318481
205 77 1 7 60036 59860 136386 26 167.698318481 167.206710815
198 109 1 4 59860 59551 146402 27 167.206710815 166.343582153
182 95 0 1 59551 59510 158207 32 166.343582153 166.229049683
170 146 1 1 59510 59351 170728 34 166.229049683 165.784912109
166 114 2 0 59351 59086 183607 35 165.784912109 165.044692993
163 138 1 1 59086 58917 196486 35 165.044692993 164.572631836
156 11 1 3 58917 58810 210797 39 164.572631836 164.273742676
153 75 1 7 58810 58734 225107 39 164.273742676 164.061447144
164 87 0 7 58734 58699 238343 36 164.061447144 163.963684082
146 55 1 5 58699 58579 253369 41 163.963684082 163.628494263
146 124 1 3 58579 58416 268037 40 163.628494263 163.173187256
144 141 1 1 58416 58303 283063 41 163.173187256 162.857543945
145 50 1 5 58303 58176 298089 41 162.857543945 162.502792358
142 41 1 5 58176 58090 313473 42 162.502792358 162.262573242
141 109 1 3 58090 57901 328857 42 162.262573242 161.734634399
138 11 2 0 57901 57881 345672 46 161.734634399 161.678771973
1006 8 0 3 57881 57877 347103 3 161.678771973 161.667602539
129 172 1 2 57877 57851 365707 51 161.667602539 161.594970703
278 174 2 0 57851 57842 370714 13 161.594970703 161.569839478
128 34 2 0 57842 57800 388603 49 161.569839478 161.452514648
120 12 1 3 57800 57793 408638 55 161.452514648 161.432968140
252 0 2 0 57793 57765 415432 18 161.432968140 161.354751587
110 124 0 2 57765 57740 437617 61 161.354751587 161.284912109
146 104 2 0 57740 57734 451571 38 161.284912109 161.268157959
178 107 0 4 57734 57710 462303 29 161.268157959 161.201110840
107 28 1 7 57710 57682 485918 65 161.201110840 161.122909546
114 11 2 0 57682 57659 507386 59 161.122909546 161.058654785
3024 0 0 3 57659 57658 507744 0 161.058654785 161.055862427
270 0 2 0 57658 57641 513109 14 161.055862427 161.008377075
110 33 2 0 57641 57639 535651 62 161.008377075 161.002792358
160 85 0 7 57639 57630 548172 34 161.002792358 160.977661133
115 56 1 5 57630 57611 569639 59 160.977661133 160.924575806
103 90 1 0 57611 57598 596475 74 160.924575806 160.888275146
122 94 2 0 57598 57574 614722 50 160.888275146 160.821228027
112 86 0 7 57574 57571 638337 65 160.821228027 160.812850952
102 113 1 4 57571 57479 664457 72 160.812850952 160.555862427
102 85 1 0 57479 57464 689861 70 160.555862427 160.513961792
100 16 1 6 57464 57423 716339 73 160.513961792 160.399444580
93 115 1 4 57423 57378 750683 95 160.399444580 160.273742676
109 118 1 3 57378 57373 773939 64 160.273742676 160.259780884
95 125 1 2 57373 57328 805420 87 160.259780884 160.134078979
116 128 2 0 57328 57314 827244 60 160.134078979 160.094970703
100 107 0 3 57314 57299 854077 74 160.094970703 160.053070068
104 109 1 4 57299 57263 879123 69 160.053070068 159.952514648
86 113 2 0 57263 57238 917046 105 159.952514648 159.882675171
85 13 1 5 57238 57233 958190 114 159.882675171 159.868713379
178 18 2 0 57233 57226 969280 30 159.868713379 159.849166870
92 12 1 4 57226 57204 1000406 86 159.849166870 159.787704468
80 130 0 2 57204 57198 1046559 128 159.787704468 159.770950317
80 184 0 2 57198 57188 1091996 126 159.770950317 159.743011475
94 123 2 0 57188 57187 1124554 90 159.743011475 159.740219116
75 110 1 4 57187 57182 1178579 150 159.740219116 159.726257324
122 110 0 3 57182 57175 1200046 59 159.726257324 159.706710815
20 13 0 4 57175 57174 1457524 719 159.706710815 159.703903198
252 0 2 0 57174 57169 1464319 18 159.703903198 159.689941406
