SetMedian AvgDist: 180.27499 TotalDist: 32310
K 33345555455555555555543332322333222322322322222234455555656666666766766767667765543445444444444445455567677770000000000000070707655555565565556555667777011111121211121111111112111112111112111111111111111112
Mean AvgDist: 168.30833 TotalDist: 2838364
K 3334455555555655555432322322322222222333455566666666766766766766655444444445444444444545555667777700010001000000000007077766556556555655666777701111111111211111211111211112111112112121121121211212
Time taken by program is : 429.00085sec
452 109 0 1 64899 64888 33030 0 180.274993896 180.244445801
338 29 2 0 64888 64579 33750 1 180.244445801 179.386108398
318 22 2 0 64579 64348 34470 1 179.386108398 178.744445801
298 28 2 0 64348 64143 35190 1 178.744445801 178.175003052
288 4 2 0 64143 63975 36268 2 178.175003052 177.708328247
302 4 2 0 63975 63809 36988 1 177.708328247 177.247222900
288 24 2 0 63809 63656 38425 3 177.247222900 176.822219849
274 26 2 0 63656 63527 39862 3 176.822219849 176.463882446
266 20 2 0 63527 63437 41657 4 176.463882446 176.213882446
264 31 2 0 63437 63384 43453 4 176.213882446 176.066665649
258 102 0 1 63384 63288 45249 4 176.066665649 175.800003052
258 21 2 0 63288 63269 47044 4 175.800003052 175.747222900
254 4 2 0 63269 63171 50275 8 175.747222900 175.475006104
240 19 2 0 63171 63165 54946 12 175.475006104 175.458328247
224 183 0 2 63165 63141 62855 21 175.458328247 175.391662598
218 149 2 0 63141 63028 71844 24 175.391662598 175.077774048
212 4 2 0 63028 62962 80836 24 175.077774048 174.894439697
316 28 0 2 62962 62960 82991 5 174.894439697 174.888885498
260 24 2 0 62960 62958 85864 7 174.888885498 174.883331299
212 19 0 3 62958 62949 94856 24 174.883331299 174.858337402
194 188 0 2 62949 62902 106726 32 174.858337402 174.727783203
192 100 0 1 62902 62877 120034 36 174.727783203 174.658340454
204 120 2 0 62877 62738 130824 29 174.658340454 174.272216797
184 120 2 0 62738 62646 145569 40 174.272216797 174.016662598
178 142 2 0 62646 62602 162110 45 174.016662598 173.894439697
208 183 0 2 62602 62597 173258 30 173.894439697 173.880554199
202 148 2 0 62597 62525 185484 33 173.880554199 173.680557251
180 120 2 0 62525 62485 201304 43 173.680557251 173.569442749
170 76 0 3 62485 62465 217843 45 173.569442749 173.513885498
170 142 2 0 62465 62430 234381 45 173.513885498 173.416671753
164 37 2 0 62430 62372 251999 48 173.416671753 173.255554199
324 35 0 3 62372 62350 255230 8 173.255554199 173.194442749
226 36 2 0 62350 62325 263859 23 173.194442749 173.125000000
366 29 0 2 62325 62311 266730 7 173.125000000 173.086105347
156 93 1 7 62311 62232 287227 56 173.086105347 172.866668701
154 188 0 2 62232 62192 307725 56 172.866668701 172.755554199
160 142 2 0 62192 62172 326425 51 172.755554199 172.699996948
140 64 2 0 62172 62017 348000 59 172.699996948 172.269439697
143 43 1 6 62017 61927 368497 56 172.269439697 172.019439697
139 97 1 0 61927 61741 390072 59 172.019439697 171.502777100
136 152 0 2 61741 61720 413442 64 171.502777100 171.444442749
128 103 0 1 61720 61680 438969 70 171.444442749 171.333328247
126 11 0 6 61680 61629 465216 72 171.333328247 171.191665649
206 31 2 0 61629 61623 477799 34 171.191665649 171.175003052
280 27 0 2 61623 61621 481388 9 171.175003052 171.169448853
242 19 2 0 61621 61617 487497 16 171.169448853 171.158340454
170 11 0 5 61617 61611 505117 48 171.158340454 171.141662598
126 13 2 0 61611 61610 531007 71 171.141662598 171.138885498
160 12 0 5 61610 61595 549347 50 171.138885498 171.097229004
120 76 1 4 61595 61508 576675 75 171.097229004 170.855560303
125 73 1 4 61508 61469 603643 74 170.855560303 170.747222900
126 75 0 3 61469 61462 630253 73 170.747222900 170.727783203
142 70 2 0 61462 61429 652190 60 170.727783203 170.636108398
122 71 0 5 61429 61421 679878 76 170.636108398 170.613891602
135 71 1 4 61421 61357 704328 67 170.613891602 170.436111450
128 54 2 0 61357 61326 730218 71 170.436111450 170.350006104
119 193 1 2 61326 61269 758625 78 170.350006104 170.191665649
118 59 2 0 61269 61248 788466 82 170.191665649 170.133331299
120 46 1 6 61248 61181 817591 80 170.133331299 169.947219849
112 154 2 0 61181 61170 851027 92 169.947219849 169.916671753
120 189 0 2 61170 61166 881230 83 169.916671753 169.905548096
154 149 2 0 61166 61160 901363 55 169.905548096 169.888885498
111 100 1 0 61160 61088 936240 96 169.888885498 169.688888550
110 63 2 0 61088 61044 972917 101 169.688888550 169.566665649
114 43 1 6 61044 61011 1006360 92 169.566665649 169.475006104
140 30 0 3 61011 61009 1030811 67 169.475006104 169.469451904
106 121 0 6 61009 60980 1069284 106 169.469451904 169.388885498
146 122 2 0 60980 60953 1091932 62 169.388885498 169.313888550
100 73 1 5 60953 60926 1133642 115 169.313888550 169.238891602
112 73 1 4 60926 60915 1169597 99 169.238891602 169.208328247
100 86 1 5 60915 60913 1211668 116 169.208328247 169.202774048
100 71 0 5 60913 60901 1253737 116 169.202774048 169.169448853
109 71 1 4 60901 60888 1290768 102 169.169448853 169.133331299
108 44 2 0 60888 60885 1328519 104 169.133331299 169.125000000
118 58 0 7 60885 60861 1362322 93 169.125000000 169.058334351
97 90 1 6 60861 60818 1407629 125 169.058334351 168.938888550
110 84 1 5 60818 60817 1445377 104 168.938888550 168.936111450
102 97 1 0 60817 60800 1486366 113 168.936111450 168.888885498
92 119 1 7 60800 60759 1534913 134 168.888885498 168.774993896
92 67 0 5 60759 60755 1584540 137 168.774993896 168.763885498
115 67 1 4 60755 60745 1618696 94 168.763885498 168.736114502
98 44 2 0 60745 60736 1664362 126 168.736114502 168.711105347
106 52 0 7 60736 60706 1703556 108 168.711105347 168.627777100
87 75 1 5 60706 60702 1761820 161 168.627777100 168.616668701
92 56 2 0 60702 60699 1812526 140 168.616668701 168.608337402
108 55 0 7 60699 60665 1849920 103 168.608337402 168.513885498
86 167 2 0 60665 60664 1908182 161 168.513885498 168.511108398
332 183 0 2 60664 60647 1910335 5 168.511108398 168.463882446
83 183 1 1 60647 60645 1975065 179 168.463882446 168.458328247
98 182 1 2 60645 60641 2018927 121 168.458328247 168.447219849
83 136 1 6 60641 60629 2086176 186 168.447219849 168.413894653
75 37 1 3 60629 60594 2171057 235 168.413894653 168.316665649
68 30 1 2 60594 60591 2273930 285 168.316665649 168.308334351
