SetMedian AvgDist: 221.50278 TotalDist: 32310
M 333445455545545554555555542222122222212222221233344455555555555555555655556556555565565556566777701111112121211112121112111111076665666566655666566777700111101111011111066556565656556565656556665556767770111111221211221211212112111112211112111233221211
Mean AvgDist: 205.86389 TotalDist: 3872495
M 33334444554555555543222222223333444555555555555555555555555555555555656677770011111111121111111111111111007666665666565665656666777700111111111101110076656556565556565565655656566777701111111211121211211211211212121122121222112212222
Time taken by program is : 842.74634sec
400 30 2 0 79741 79408 34469 4 221.502777100 220.577774048
480 244 0 2 79408 79406 35548 2 220.577774048 220.572219849
384 43 2 0 79406 79039 36987 3 220.572219849 219.552780151
378 26 2 0 79039 78778 38426 3 219.552780151 218.827774048
368 26 2 0 78778 78544 40225 4 218.827774048 218.177780151
364 5 2 0 78544 78222 42382 5 218.177780151 217.283340454
350 25 2 0 78222 78023 44539 5 217.283340454 216.730560303
340 32 2 0 78023 77806 47056 6 216.730560303 216.127777100
336 25 2 0 77806 77652 49573 6 216.127777100 215.699996948
326 238 0 2 77652 77644 52090 6 215.699996948 215.677780151
312 25 2 0 77644 77532 54607 6 215.677780151 215.366668701
308 6 2 0 77532 77289 57484 7 215.366668701 214.691665649
306 24 2 0 77289 77214 60721 8 214.691665649 214.483337402
300 24 2 0 77214 77148 63958 8 214.483337402 214.300003052
290 6 2 0 77148 76906 68272 11 214.300003052 213.627777100
282 23 2 0 76906 76891 72585 11 213.627777100 213.586105347
268 6 2 0 76891 76717 77616 13 213.586105347 213.102783203
222 7 2 0 76717 76617 88397 29 213.102783203 212.824996948
218 228 2 0 76617 76485 100257 32 212.824996948 212.458328247
212 127 0 5 76485 76455 112475 33 212.458328247 212.375000000
198 88 2 0 76455 76369 126487 38 212.375000000 212.136108398
288 89 0 1 76369 76346 131157 12 212.136108398 212.072219849
218 90 0 1 76346 76345 141219 27 212.072219849 212.069442749
194 7 2 0 76345 76297 154871 37 212.069442749 211.936111450
190 8 2 0 76297 76278 168881 38 211.936111450 211.883331299
208 28 0 2 76278 76276 180736 32 211.883331299 211.877777100
186 237 0 2 76276 76194 196185 42 211.877777100 211.649993896
196 231 2 0 76194 76082 209482 36 211.649993896 211.338882446
184 90 2 0 76082 75986 225291 43 211.338882446 211.072219849
180 155 2 0 75986 75927 242535 47 211.072219849 210.908340454
172 96 2 0 75927 75839 260858 50 210.908340454 210.663894653
250 91 0 1 75839 75835 268043 19 210.663894653 210.652770996
172 52 2 0 75835 75662 285646 48 210.652770996 210.172225952
172 3 2 0 75662 75661 303969 50 210.172225952 210.169448853
172 139 0 1 75661 75650 322293 50 210.169448853 210.138885498
170 223 0 2 75650 75616 341697 53 210.138885498 210.044448853
172 192 2 0 75616 75514 361100 53 210.044448853 209.761108398
164 9 0 5 75514 75496 383020 60 209.761108398 209.711105347
158 147 2 0 75496 75491 407459 67 209.711105347 209.697219849
168 150 0 0 75491 75466 428301 57 209.697219849 209.627777100
156 155 2 0 75466 75453 453460 69 209.627777100 209.591659546
152 59 2 0 75453 75316 480779 75 209.591659546 209.211105347
150 90 2 0 75316 75312 509178 78 209.211105347 209.199996948
276 95 0 1 75312 75308 514566 14 209.199996948 209.188888550
156 126 2 0 75308 75307 539006 67 209.188888550 209.186111450
208 125 0 5 75307 75303 552661 37 209.186111450 209.175003052
146 96 2 0 75303 75289 581781 80 209.175003052 209.136108398
144 111 0 6 75289 75264 611621 82 209.136108398 209.066665649
190 120 2 0 75264 75254 627427 43 209.066665649 209.038894653
182 118 0 5 75254 75244 643952 45 209.038894653 209.011108398
170 124 2 0 75244 75241 664075 55 209.011108398 209.002777100
160 123 0 5 75241 75233 688155 66 209.002777100 208.980560303
144 156 0 5 75233 75219 716914 79 208.980560303 208.941665649
142 176 2 0 75219 75208 746034 80 208.941665649 208.911117554
136 191 2 0 75208 75182 777674 87 208.911117554 208.838882446
184 219 0 2 75182 75170 794563 46 208.838882446 208.805557251
135 233 1 2 75170 75042 828357 93 208.805557251 208.449996948
134 63 2 0 75042 74929 861793 92 208.449996948 208.136108398
133 179 1 7 74929 74903 895948 94 208.136108398 208.063888550
152 156 0 5 74903 74901 921828 71 208.063888550 208.058334351
132 176 2 0 74901 74898 955982 94 208.058334351 208.050003052
152 159 0 5 74898 74880 981504 70 208.050003052 208.000000000
176 154 2 0 74880 74868 999112 48 208.000000000 207.966659546
142 124 2 0 74868 74867 1029308 83 207.966659546 207.963882446
144 111 0 6 74867 74848 1058428 80 207.963882446 207.911117554
134 164 0 5 74848 74844 1092942 95 207.911117554 207.899993896
132 195 2 0 74844 74814 1127096 94 207.899993896 207.816665649
152 195 0 1 74814 74810 1153339 72 207.816665649 207.805557251
132 149 2 0 74810 74741 1188574 97 207.805557251 207.613891602
130 139 0 1 74741 74738 1225967 103 207.613891602 207.605560303
130 72 1 7 74738 74722 1263718 104 207.605560303 207.561111450
117 56 1 5 74722 74696 1311184 131 207.561111450 207.488891602
120 65 1 5 74696 74657 1357210 127 207.488891602 207.380554199
117 231 1 2 74657 74648 1405395 133 207.380554199 207.355560303
146 224 2 0 74648 74645 1432355 74 207.355560303 207.347229004
122 211 0 2 74645 74643 1475865 120 207.347229004 207.341659546
117 175 1 5 74643 74586 1522254 128 207.341659546 207.183334351
112 140 1 1 74586 74556 1572594 139 207.183334351 207.100006104
248 134 2 0 74556 74551 1580135 20 207.100006104 207.086105347
109 178 1 6 74551 74520 1633354 147 207.086105347 207.000000000
150 156 2 0 74520 74519 1660312 74 207.000000000 206.997222900
124 167 0 5 74519 74504 1702744 117 206.997222900 206.955551147
108 35 2 0 74504 74500 1753803 141 206.955551147 206.944442749
106 97 1 1 74500 74489 1805941 144 206.944442749 206.913894653
103 207 1 2 74489 74478 1860597 151 206.913894653 206.883331299
102 3 0 3 74478 74419 1915254 151 206.883331299 206.719451904
100 218 2 0 74419 74409 1973506 161 206.719451904 206.691665649
168 217 0 2 74409 74406 1993986 56 206.691665649 206.683334351
94 212 2 0 74406 74390 2059078 180 206.683334351 206.638885498
146 215 0 2 74390 74389 2086397 75 206.638885498 206.636108398
116 224 2 0 74389 74387 2131702 125 206.636108398 206.630554199
146 216 0 2 74387 74377 2159382 76 206.630554199 206.602783203
95 221 1 2 74377 74374 2220876 170 206.602783203 206.594451904
108 225 2 0 74374 74369 2270497 137 206.594451904 206.580551147
136 202 0 1 74369 74354 2305008 95 206.580551147 206.538894653
88 87 0 2 74354 74335 2377296 200 206.538894653 206.486114502
146 88 2 0 74335 74320 2405690 78 206.486114502 206.444442749
88 104 1 0 74320 74310 2477619 199 206.444442749 206.416671753
86 150 1 7 74310 74205 2554221 212 206.416671753 206.125000000
170 153 2 0 74205 74203 2572907 51 206.125000000 206.119445801
172 156 0 5 74203 74200 2593029 55 206.119445801 206.111114502
78 70 1 6 74200 74199 2681144 244 206.111114502 206.108337402
114 70 0 5 74199 74184 2729686 134 206.108337402 206.066665649
192 8 2 0 74184 74182 2744413 40 206.066665649 206.061111450
152 7 0 5 74182 74176 2771367 74 206.061111450 206.044448853
102 36 2 0 74176 74170 2828898 159 206.044448853 206.027770996
99 76 1 0 74170 74156 2888229 164 206.027770996 205.988891602
122 68 0 5 74156 74151 2931372 119 205.988891602 205.975006104
56 29 1 3 74151 74149 3096840 459 205.975006104 205.969451904
84 20 0 3 74149 74129 3177757 224 205.969451904 205.913894653
272 21 2 0 74129 74119 3181708 10 205.913894653 205.886108398
174 7 2 0 74119 74111 3200752 52 205.886108398 205.863891602
