SetMedian AvgDist: 172.77222 TotalDist: 32310
N 33344555666555655555655555656556566555666566777700010111101110110111111106555565555565655556566555677770111121211111212121111111112112111211123333445455454554555455455555454321122212111112121112111111221
Mean AvgDist: 166.57777 TotalDist: 2512736
N 33334455555655555565556555556555556555556556566777770010111011101111111111066556555655656555656556566677770111111111211121121112111121111121122333444555555545555555554555432121121121121211121211121121112112
Time taken by program is : 411.20647sec
432 0 0 3 62198 62148 33030 0 172.772216797 172.633331299
308 176 0 1 62148 62062 34105 2 172.633331299 172.394439697
244 175 0 2 62062 62025 36615 6 172.394439697 172.291671753
232 176 0 1 62025 62009 39483 7 172.291671753 172.247222900
230 110 2 0 62009 61883 41994 6 172.247222900 171.897216797
228 10 0 5 61883 61802 44506 6 171.897216797 171.672225952
236 11 0 5 61802 61770 46299 4 171.672225952 171.583328247
202 0 2 0 61770 61606 50244 10 171.583328247 171.127777100
222 11 0 5 61606 61584 53470 8 171.127777100 171.066665649
194 113 2 0 61584 61541 59562 16 171.066665649 170.947219849
190 12 2 0 61541 61460 66013 17 170.947219849 170.722229004
182 12 2 0 61460 61420 73543 20 170.722229004 170.611114502
164 12 0 5 61420 61393 81793 22 170.611114502 170.536117554
166 13 0 5 61393 61385 89683 21 170.536117554 170.513885498
164 120 2 0 61385 61343 96854 19 170.513885498 170.397216797
160 181 0 1 61343 61306 105101 22 170.397216797 170.294448853
162 30 2 0 61306 61285 112995 21 170.294448853 170.236114502
152 36 2 0 61285 61259 123402 28 170.236114502 170.163894653
168 14 0 5 61259 61251 132015 23 170.163894653 170.141662598
144 91 0 6 61251 61224 144574 34 170.141662598 170.066665649
144 35 2 0 61224 61217 158214 37 170.066665649 170.047225952
143 175 1 2 61217 61030 171492 36 170.047225952 169.527770996
136 81 2 0 61030 61020 185854 39 169.527770996 169.500000000
144 87 0 5 61020 61010 198058 33 169.500000000 169.472229004
196 76 2 0 61010 61004 203793 15 169.472229004 169.455551147
138 55 2 0 61004 61003 217796 38 169.455551147 169.452774048
132 140 2 0 61003 60945 233233 42 169.452774048 169.291671753
178 111 0 2 60945 60939 240770 20 169.291671753 169.274993896
144 146 2 0 60939 60885 252614 32 169.274993896 169.125000000
134 98 1 6 60885 60741 268771 44 169.125000000 168.725006104
156 78 0 5 60741 60735 279535 29 168.725006104 168.708328247
148 80 2 0 60735 60721 290662 30 168.708328247 168.669448853
142 75 0 6 60721 60656 303582 35 168.669448853 168.488891602
130 15 0 5 60656 60642 320097 45 168.488891602 168.449996948
144 41 2 0 60642 60635 333375 36 168.449996948 168.430557251
124 16 0 5 60635 60607 351330 49 168.430557251 168.352783203
121 181 1 1 60607 60540 371443 55 168.352783203 168.166671753
120 66 1 1 60540 60505 391555 55 168.166671753 168.069442749
117 153 1 5 60505 60433 414545 63 168.069442749 167.869445801
111 141 1 2 60433 60397 441854 75 167.869445801 167.769439697
122 124 0 2 60397 60396 462327 56 167.769439697 167.766662598
184 113 2 0 60396 60392 468778 17 167.766662598 167.755554199
136 120 0 1 60392 60384 484212 42 167.755554199 167.733337402
142 107 2 0 60384 60366 496046 32 167.733337402 167.683334351
111 55 1 1 60366 60356 521915 71 167.683334351 167.655548096
111 151 1 5 60356 60312 548143 72 167.655548096 167.533340454
108 203 1 1 60312 60296 576891 79 167.533340454 167.488891602
108 205 1 2 60296 60287 604919 77 167.488891602 167.463882446
104 127 0 2 60287 60263 636542 87 167.463882446 167.397216797
112 135 2 0 60263 60260 663131 73 167.397216797 167.388885498
103 202 1 2 60260 60248 694755 87 167.388885498 167.355560303
154 204 0 1 60248 60245 705156 28 167.355560303 167.347229004
176 173 2 0 60245 60236 711969 18 167.347229004 167.322219849
102 51 1 7 60236 60226 743955 88 167.322219849 167.294448853
100 160 1 5 60226 60174 778097 94 167.294448853 167.149993896
100 185 0 2 60174 60159 813680 98 167.149993896 167.108337402
144 176 2 0 60159 60135 825520 32 167.108337402 167.041671753
128 180 0 1 60135 60130 844196 51 167.041671753 167.027770996
116 205 2 0 60130 60117 867908 65 167.027770996 166.991668701
150 202 0 1 60117 60109 879384 31 166.991668701 166.969451904
106 186 2 0 60109 60106 909928 84 166.969451904 166.961105347
89 163 1 5 60106 60095 952700 118 166.961105347 166.930557251
87 198 1 2 60095 60070 1000508 132 166.930557251 166.861114502
86 183 0 1 60070 60067 1051190 140 166.861114502 166.852783203
79 172 1 3 60067 60051 1119139 188 166.852783203 166.808334351
88 169 2 0 60051 60046 1164427 125 166.808334351 166.794448853
83 166 1 4 60046 60045 1220864 156 166.794448853 166.791671753
78 31 1 6 60045 60042 1288811 188 166.791671753 166.783340454
77 99 1 6 60042 60035 1358912 194 166.783340454 166.763885498
128 97 0 5 60035 60027 1378308 53 166.763885498 166.741668701
214 77 2 0 60027 60009 1381179 7 166.741668701 166.691665649
120 97 0 5 60009 60002 1403813 62 166.691665649 166.672225952
200 77 2 0 60002 59996 1408114 11 166.672225952 166.655548096
144 31 2 0 59996 59995 1419599 31 166.655548096 166.652770996
96 11 0 6 59995 59984 1459135 109 166.652770996 166.622222900
64 42 1 5 59984 59982 1569533 306 166.622222900 166.616668701
98 40 1 6 59982 59978 1607629 105 166.616668701 166.605560303
74 38 1 5 59978 59974 1686001 217 166.605560303 166.594451904
50 55 0 0 59974 59969 1860403 484 166.594451904 166.580551147
148 56 2 0 59969 59968 1870090 26 166.580551147 166.577774048
