SetMedian AvgDist: 96.40556 TotalDist: 32310
P 333343433434434434444545455455566556766676676676766777676777776555655555565556777770111111111111111111111111111111111111122221112112123232333
Mean AvgDist: 89.71944 TotalDist: 1107952
P 333333333433443444455455555555566566666766767767767777777777665565555655555565667777011111111112111211111111211111211121111211121222223233233
Time taken by program is : 89.21341sec
370 62 0 5 34706 34665 33390 1 96.405555725 96.291664124
238 4 2 0 34665 34536 34468 2 96.291664124 95.933334351
1088 0 0 3 34536 34472 34828 0 95.933334351 95.755554199
220 0 2 0 34472 34456 35904 2 95.755554199 95.711112976
198 61 0 6 34456 34409 37340 3 95.711112976 95.580558777
198 6 2 0 34409 34326 38777 3 95.580558777 95.349998474
242 8 0 3 34326 34302 39497 1 95.349998474 95.283332825
186 56 1 7 34302 34134 41292 4 95.283332825 94.816665649
180 27 1 5 34134 33941 43444 5 94.816665649 94.280555725
180 86 2 0 33941 33872 45239 4 94.280555725 94.088890076
162 122 2 0 33872 33776 47750 6 94.088890076 93.822219849
160 50 1 7 33776 33643 50617 7 93.822219849 93.452774048
152 86 2 0 33643 33630 54203 9 93.452774048 93.416664124
156 136 0 3 33630 33610 58146 10 93.416664124 93.361114502
156 86 2 0 33610 33606 61731 9 93.361114502 93.349998474
152 62 1 5 33606 33501 65674 10 93.349998474 93.058334351
152 24 0 5 33501 33491 69620 10 93.058334351 93.030555725
160 11 2 0 33491 33393 73210 9 93.030555725 92.758331299
148 54 1 7 33393 33309 76795 9 92.758331299 92.525001526
146 36 2 0 33309 33197 80380 9 92.525001526 92.213890076
200 46 0 7 33197 33154 82175 4 92.213890076 92.094444275
144 24 1 5 33154 33064 85760 9 92.094444275 91.844444275
124 120 2 0 33064 33044 91861 16 91.844444275 91.788887024
184 135 0 3 33044 33043 94011 5 91.788887024 91.786109924
120 49 1 7 33043 33006 100831 18 91.786109924 91.683334351
116 134 1 2 33006 32917 107652 18 91.683334351 91.436111450
113 34 1 6 32917 32871 116266 23 91.436111450 91.308334351
107 78 1 6 32871 32822 125960 26 91.308334351 91.172225952
130 120 2 0 32822 32820 130624 12 91.172225952 91.166664124
117 128 1 2 32820 32764 137442 18 91.166664124 91.011108398
132 120 0 1 32764 32738 141746 11 91.011108398 90.938888550
132 133 2 0 32738 32729 146050 11 90.938888550 90.913887024
124 135 0 3 32729 32723 151789 15 90.913887024 90.897224426
138 137 2 0 32723 32722 155378 9 90.897224426 90.894447327
126 94 0 2 32722 32703 160758 14 90.894447327 90.841667175
112 117 1 2 32703 32628 168298 20 90.841667175 90.633331299
112 122 0 1 32628 32626 175838 20 90.633331299 90.627777100
109 129 1 2 32626 32588 184098 22 90.627777100 90.522224426
106 80 2 0 32588 32584 193074 24 90.522224426 90.511108398
184 64 0 5 32584 32562 195225 5 90.511108398 90.449996948
106 94 1 1 32562 32555 203118 21 90.449996948 90.430557251
98 115 1 2 32555 32532 214598 31 90.430557251 90.366668701
93 109 1 2 32532 32493 228958 39 90.366668701 90.258331299
88 11 2 0 32493 32483 247272 50 90.258331299 90.230552673
114 20 0 5 32483 32458 254087 18 90.230552673 90.161109924
88 105 1 2 32458 32450 271675 48 90.161109924 90.138885498
100 117 1 1 32450 32447 280285 23 90.138885498 90.130554199
89 118 1 2 32447 32434 295727 42 90.130554199 90.094444275
84 77 2 0 32434 32415 316548 57 90.094444275 90.041664124
132 69 0 5 32415 32401 321927 14 90.041664124 90.002777100
86 43 2 0 32401 32370 339873 49 90.002777100 89.916664124
94 61 0 6 32370 32368 353154 36 89.916664124 89.911109924
152 62 2 0 32368 32349 356022 7 89.911109924 89.858329773
78 98 1 2 32349 32332 382598 73 89.858329773 89.811111450
59 49 1 6 32332 32319 448281 182 89.811111450 89.775001526
91 104 1 1 32319 32317 463713 42 89.775001526 89.769447327
67 132 1 2 32317 32315 511484 132 89.769447327 89.763885498
100 133 1 3 32315 32309 521888 28 89.763885498 89.747222900
56 117 0 1 32309 32307 593317 198 89.747222900 89.741668701
88 99 2 0 32307 32302 608756 42 89.741668701 89.727775574
58 98 0 1 32302 32300 675870 186 89.727775574 89.722221375
73 95 1 2 32300 32299 711417 98 89.722221375 89.719444275
