SetMedian AvgDist: 142.28055 TotalDist: 32310
R 33333333333433443444545545555556565665676676676765544444455445454454545556677777770011100011011000000065555655555555655677777701011101100011111111210111111111111211121121122222223232333
Mean AvgDist: 131.18333 TotalDist: 1774400
R 3333333334344445455555555566566666676676676655454444454445444544455566777777001000100100010000000077665565655565556566777701111111112111211112111112111112121112112212222232323233
Time taken by program is : 221.38091sec
366 0 2 0 51221 50932 33745 2 142.280548096 141.477783203
332 0 2 0 50932 50718 34821 2 141.477783203 140.883331299
306 99 0 7 50718 50591 36256 3 140.883331299 140.530548096
254 0 2 0 50591 50494 37691 3 140.530548096 140.261108398
248 133 2 0 50494 50146 39127 3 140.261108398 139.294448853
238 0 2 0 50146 50080 40563 3 139.294448853 139.111114502
224 95 0 7 50080 50075 42000 3 139.111114502 139.097229004
240 101 2 0 50075 49993 43437 3 139.097229004 138.869445801
212 144 2 0 49993 49704 44874 3 138.869445801 138.066665649
204 132 2 0 49704 49419 47029 5 138.066665649 137.274993896
198 0 2 0 49419 49406 49545 6 137.274993896 137.238891602
184 124 1 1 49406 49237 52422 7 137.238891602 136.769439697
174 128 1 1 49237 49027 55659 8 136.769439697 136.186111450
172 131 2 0 49027 48791 58896 8 136.186111450 135.530548096
156 174 2 0 48791 48787 64292 14 135.530548096 135.519439697
154 32 1 6 48787 48695 70048 15 135.519439697 135.263885498
242 6 0 3 48695 48693 71487 3 135.263885498 135.258331299
152 105 2 0 48693 48688 77240 15 135.258331299 135.244445801
155 116 1 6 48688 48500 82277 13 135.244445801 134.722229004
136 59 1 3 48500 48464 90549 22 134.722229004 134.622222900
133 20 1 5 48464 48403 100259 26 134.622222900 134.452774048
138 7 2 0 48403 48339 107452 19 134.452774048 134.274993896
136 79 0 0 48339 48269 116083 23 134.274993896 134.080551147
152 80 2 0 48269 48255 121116 13 134.080551147 134.041671753
127 75 1 0 48255 48185 131906 29 134.041671753 133.847229004
126 100 0 6 48185 48108 142336 28 133.847229004 133.633331299
119 121 1 0 48108 48063 156362 38 133.633331299 133.508331299
114 29 1 6 48063 48048 172906 45 133.508331299 133.466659546
112 89 1 0 48048 47983 190889 49 133.466659546 133.286117554
108 53 1 4 47983 47904 210669 54 133.286117554 133.066665649
108 47 0 5 47904 47883 229730 52 133.066665649 133.008331299
146 59 2 0 47883 47850 236203 17 133.008331299 132.916671753
107 86 1 0 47850 47781 255984 54 132.916671753 132.725006104
105 76 1 0 47781 47741 275404 53 132.725006104 132.613891602
103 98 1 7 47741 47645 295186 54 132.613891602 132.347229004
103 145 1 2 47645 47594 316048 57 132.347229004 132.205551147
99 161 1 2 47594 47592 339429 64 132.205551147 132.199996948
110 129 0 2 47592 47588 355970 45 132.199996948 132.188888550
98 94 1 0 47588 47539 378990 63 132.188888550 132.052780151
94 75 0 7 47539 47534 403809 68 132.052780151 132.038894653
158 81 2 0 47534 47523 408843 13 132.038894653 132.008331299
124 78 0 1 47523 47517 419989 30 132.008331299 131.991668701
98 75 1 0 47517 47514 442647 62 131.991668701 131.983337402
95 63 1 4 47514 47505 468182 70 131.983337402 131.958328247
93 137 1 2 47505 47464 495878 76 131.958328247 131.844451904
132 130 2 0 47464 47461 504505 23 131.844451904 131.836105347
110 140 0 1 47461 47458 521406 46 131.836105347 131.827774048
98 153 1 2 47458 47436 543706 61 131.827774048 131.766662598
107 123 1 1 47436 47432 561688 49 131.766662598 131.755554199
88 109 1 6 47432 47397 591542 82 131.755554199 131.658340454
106 103 0 6 47397 47395 608804 47 131.658340454 131.652770996
150 104 2 0 47395 47388 614915 16 131.652770996 131.633331299
236 103 0 5 47388 47384 616353 3 131.633331299 131.622222900
134 107 2 0 47384 47379 624262 21 131.622222900 131.608337402
91 170 1 3 47379 47378 651594 75 131.608337402 131.605560303
86 42 2 0 47378 47352 686122 95 131.605560303 131.533340454
83 9 1 3 47352 47346 727489 114 131.533340454 131.516662598
79 132 1 2 47346 47341 780007 145 131.516662598 131.502777100
100 135 0 1 47341 47340 800507 56 131.502777100 131.500000000
152 122 2 0 47340 47335 806260 15 131.500000000 131.486114502
78 27 0 6 47335 47313 860576 150 131.486114502 131.425003052
70 115 1 6 47313 47307 934682 205 131.425003052 131.408340454
202 109 0 5 47307 47290 937559 7 131.408340454 131.361114502
98 122 1 0 47290 47283 958060 56 131.361114502 131.341659546
110 118 1 7 47283 47278 974244 44 131.341659546 131.327774048
140 124 2 0 47278 47273 982153 21 131.327774048 131.313888550
100 123 1 1 47273 47271 1003012 57 131.313888550 131.308334351
67 75 1 7 47271 47268 1087192 233 131.308334351 131.300003052
87 86 1 0 47268 47262 1119923 90 131.300003052 131.283340454
81 85 1 1 47262 47259 1164522 123 131.283340454 131.274993896
60 15 0 4 47259 47246 1272803 300 131.274993896 131.238891602
230 0 2 0 47246 47226 1275319 6 131.238891602 131.183334351
