SetMedian AvgDist: 135.93558 TotalDist: 31773
T 33333333333333343345567777767777677767776655556555555556555655555555555555556777770001111111111112111111211111121200777776776707700111122333322333333333333332333
Mean AvgDist: 129.57143 TotalDist: 1949481
T 333333333333343445556676777777777777777777665565555556555556555556555655555656677770111111111121121111112111112111110077777777777777770011112233333333333333332333332333
Time taken by program is : 209.50967sec
972 141 0 3 48529 48495 33558 3 135.935577393 135.840332031
920 142 0 3 48495 48472 34986 3 135.840332031 135.775909424
510 121 0 7 48472 48265 37128 5 135.775909424 135.196075439
420 122 0 7 48265 48099 39982 7 135.196075439 134.731094360
356 21 0 7 48099 48062 43192 8 134.731094360 134.627456665
310 124 0 7 48062 47980 46402 8 134.627456665 134.397766113
296 148 0 3 47980 47961 49612 8 134.397766113 134.344543457
292 0 2 0 47961 47954 53178 9 134.344543457 134.324935913
276 140 2 0 47954 47937 57457 11 134.324935913 134.277313232
224 124 0 7 47937 47902 64949 20 134.277313232 134.179275513
210 16 0 4 47902 47857 72799 21 134.179275513 134.053222656
292 0 2 0 47857 47846 76366 9 134.053222656 134.022415161
204 27 0 7 47846 47790 85641 25 134.022415161 133.865539551
192 43 2 0 47790 47754 97057 31 133.865539551 133.764709473
174 28 0 7 47754 47735 110258 36 133.764709473 133.711486816
172 85 1 1 47735 47589 123816 37 133.711486816 133.302520752
166 44 2 0 47589 47564 138089 39 133.302520752 133.232498169
164 128 2 0 47564 47462 152363 39 133.232498169 132.946777344
296 147 0 3 47462 47459 156287 10 132.946777344 132.938369751
284 140 2 0 47459 47436 160925 12 132.938369751 132.873947144
248 125 0 7 47436 47432 167347 17 132.873947144 132.862747192
157 34 1 7 47432 47312 182336 41 132.862747192 132.526611328
150 126 2 0 47312 47206 198753 45 132.526611328 132.229690552
160 111 0 1 47206 47182 213027 39 132.229690552 132.162460327
140 20 1 5 47182 47028 230156 47 132.162460327 131.731094360
190 38 0 7 47028 47026 242645 34 131.731094360 131.725494385
138 131 1 7 47026 46935 260131 48 131.725494385 131.470581055
134 113 2 0 46935 46891 279045 52 131.470581055 131.347335815
168 114 0 1 46891 46877 292604 37 131.347335815 131.308120728
178 85 2 0 46877 46872 305806 36 131.308120728 131.294113159
130 29 1 7 46872 46805 325077 53 131.294113159 131.106445312
128 48 2 0 46805 46796 345060 55 131.106445312 131.081237793
138 96 0 1 46796 46792 362547 48 131.081237793 131.070022583
138 114 2 0 46792 46758 380034 48 131.070022583 130.974792480
162 104 0 1 46758 46748 394665 40 130.974792480 130.946777344
184 84 2 0 46748 46747 407511 35 130.946777344 130.943984985
160 104 0 1 46747 46734 423213 43 130.943984985 130.907562256
135 77 1 6 46734 46621 441771 51 130.907562256 130.591033936
128 145 2 0 46621 46595 461400 54 130.591033936 130.518203735
582 162 0 3 46595 46592 463541 5 130.518203735 130.509811401
118 16 2 0 46592 46551 485667 61 130.509811401 130.394958496
104 73 1 6 46551 46539 510290 68 130.394958496 130.361343384
110 38 1 7 46539 46538 532771 62 130.361343384 130.358551025
118 21 2 0 46538 46523 553824 58 130.358551025 130.316528320
230 15 0 3 46523 46520 562032 22 130.316528320 130.308120728
122 54 0 5 46520 46515 582730 57 130.308120728 130.294113159
92 20 1 6 46515 46487 612703 83 130.294113159 130.215682983
107 83 1 1 46487 46486 637327 68 130.215682983 130.212890625
89 109 1 2 46486 46464 669442 89 130.212890625 130.151260376
87 70 1 6 46464 46441 702624 92 130.151260376 130.086837769
89 64 1 6 46441 46416 735096 90 130.086837769 130.016799927
84 103 1 2 46416 46412 769350 95 130.016799927 130.005599976
99 105 1 1 46412 46391 796471 75 130.005599976 129.946777344
81 93 1 2 46391 46379 832509 100 129.946777344 129.913162231
100 70 1 5 46379 46378 857490 69 129.913162231 129.910369873
89 71 1 6 46378 46377 888178 85 129.910369873 129.907562256
54 23 0 6 46377 46375 965606 216 129.907562256 129.901962280
128 14 2 0 46375 46373 984876 53 129.901962280 129.896362305
116 23 2 0 46373 46353 1005929 58 129.896362305 129.840332031
107 70 1 5 46353 46352 1028411 62 129.840332031 129.837539673
77 67 1 6 46352 46347 1068732 112 129.837539673 129.823532104
96 54 1 5 46347 46337 1096208 76 129.823532104 129.795516968
98 63 0 5 46337 46333 1122613 73 129.795516968 129.784317017
85 19 1 5 46333 46327 1157936 98 129.784317017 129.767501831
85 52 1 6 46327 46309 1191475 93 129.767501831 129.717086792
60 21 1 6 46309 46290 1256417 181 129.717086792 129.663864136
190 22 0 7 46290 46279 1267836 31 129.663864136 129.633056641
30 158 1 2 46279 46263 1417664 419 129.633056641 129.588241577
59 148 1 3 46263 46257 1484033 185 129.588241577 129.571426392
