SetMedian AvgDist: 148.98056 TotalDist: 32310
X 333343455555666566666656665655545444544454444454556676777707070000007000076566566566665656767777001111211221222121221222122100101001111111112233343344544432222122222222
Mean AvgDist: 141.25278 TotalDist: 2825802
X 3333444555555565666566656665666555554445444544444555566777770000100010000766665666566656667777701111121222122212221222111010001001011111233344444444322211221212122
Time taken by program is : 301.46057sec
278 145 2 0 53633 53603 35899 8 148.980560303 148.897216797
270 142 2 0 53603 53486 39847 10 148.897216797 148.572219849
256 142 2 0 53486 53414 45594 15 148.572219849 148.372222900
388 144 0 4 53414 53386 48106 6 148.372222900 148.294448853
248 142 2 0 53386 53382 54572 17 148.294448853 148.283340454
236 75 2 0 53382 53165 61758 19 148.283340454 147.680557251
228 8 0 4 53165 53104 69663 21 147.680557251 147.511108398
226 144 2 0 53104 53095 77568 21 147.511108398 147.486114502
272 146 0 4 53095 53039 81156 9 147.486114502 147.330551147
226 147 0 4 53039 53024 89420 22 147.330551147 147.288894653
240 148 2 0 53024 53021 95888 17 147.288894653 147.280548096
208 7 0 4 53021 53012 105230 25 147.280548096 147.255554199
192 141 2 0 53012 52962 116369 30 147.255554199 147.116668701
186 54 2 0 52962 52735 128228 32 147.116668701 146.486114502
186 59 2 0 52735 52650 140087 32 146.486114502 146.250000000
180 0 2 0 52650 52581 153384 36 146.250000000 146.058334351
186 9 0 4 52581 52577 166317 35 146.058334351 146.047225952
208 3 2 0 52577 52522 176015 26 146.047225952 145.894439697
214 6 0 4 52522 52498 186791 29 145.894439697 145.827774048
162 6 0 5 52498 52485 203321 45 145.827774048 145.791671753
160 56 2 0 52485 52407 219845 45 145.791671753 145.574996948
158 64 0 1 52407 52391 237449 48 145.574996948 145.530548096
152 78 2 0 52391 52340 255050 48 145.530548096 145.388885498
147 69 1 0 52340 52192 273729 51 145.388885498 144.977783203
128 156 0 1 52192 52149 297441 65 144.977783203 144.858337402
188 150 2 0 52149 52132 309298 32 144.858337402 144.811111450
186 145 0 5 52132 52126 321155 32 144.811111450 144.794448853
164 159 0 1 52126 52068 335887 40 144.794448853 144.633331299
160 155 2 0 52068 52065 352770 46 144.633331299 144.625000000
210 145 0 4 52065 52064 361753 24 144.625000000 144.622222900
242 146 2 0 52064 52052 368939 19 144.622222900 144.588882446
132 160 0 1 52052 52028 391214 61 144.588882446 144.522216797
134 112 2 0 52028 51839 412411 58 144.522216797 143.997222900
122 124 0 0 51839 51833 436844 67 143.997222900 143.980560303
136 161 2 0 51833 51826 458040 58 143.980560303 143.961105347
182 158 0 2 51826 51823 469894 32 143.961105347 143.952774048
124 132 1 0 51823 51712 493606 65 143.952774048 143.644439697
126 101 2 0 51712 51663 516959 64 143.644439697 143.508331299
142 97 2 0 51663 51612 537434 56 143.508331299 143.366668701
122 34 2 0 51612 51598 562581 69 143.366668701 143.327774048
126 21 0 5 51598 51594 585570 63 143.327774048 143.316665649
122 61 1 0 51594 51561 610355 68 143.316665649 143.225006104
120 7 2 0 51561 51522 635857 70 143.225006104 143.116668701
146 13 0 6 51522 51495 655609 54 143.116668701 143.041671753
126 8 2 0 51495 51432 678959 64 143.041671753 142.866668701
168 6 0 4 51432 51423 693688 40 142.866668701 142.841659546
116 65 2 0 51423 51403 720981 75 142.841659546 142.786117554
117 55 1 7 51403 51364 747917 74 142.786117554 142.677780151
116 50 1 5 51364 51346 773782 71 142.677780151 142.627777100
114 117 0 1 51346 51339 801802 77 142.627777100 142.608337402
108 139 0 3 51339 51301 832700 85 142.608337402 142.502777100
290 140 2 0 51301 51288 835569 7 142.502777100 142.466659546
109 88 1 6 51288 51226 866469 85 142.466659546 142.294448853
116 94 1 7 51226 51179 893770 75 142.294448853 142.163894653
126 84 2 0 51179 51159 917477 65 142.163894653 142.108337402
105 116 1 2 51159 51151 950891 92 142.108337402 142.086105347
108 119 0 1 51151 51120 982866 88 142.086105347 142.000000000
146 100 2 0 51120 51108 1001906 52 142.000000000 141.966659546
100 31 1 5 51108 51107 1037469 98 141.966659546 141.963882446
134 6 0 5 51107 51103 1057946 56 141.963882446 141.952774048
114 10 2 0 51103 51079 1086322 78 141.952774048 141.886108398
94 119 0 1 51079 51066 1127286 113 141.886108398 141.850006104
168 154 2 0 51066 51063 1142378 41 141.850006104 141.841659546
94 46 1 5 51063 51062 1181187 107 141.841659546 141.838882446
92 7 1 5 51062 51056 1223228 116 141.838882446 141.822219849
218 7 0 4 51056 51043 1232927 26 141.822219849 141.786117554
90 31 2 0 51043 51039 1276409 120 141.786117554 141.774993896
110 13 0 6 51039 51034 1308034 87 141.774993896 141.761108398
92 47 1 4 51034 51026 1347926 110 141.761108398 141.738891602
90 69 1 1 51026 50993 1390696 118 141.738891602 141.647216797
87 130 1 0 50993 50988 1436705 127 141.647216797 141.633331299
172 145 0 5 50988 50981 1451438 40 141.633331299 141.613891602
122 121 2 0 50981 50977 1478386 74 141.613891602 141.602783203
108 161 0 1 50977 50971 1510723 89 141.602783203 141.586105347
84 24 2 0 50971 50939 1561398 140 141.586105347 141.497222900
78 125 2 0 50939 50934 1624299 174 141.497222900 141.483337402
52 83 0 5 50934 50911 1741104 324 141.483337402 141.419448853
156 74 2 0 50911 50905 1756548 42 141.419448853 141.402770996
90 85 0 6 50905 50893 1803263 129 141.402770996 141.369445801
44 23 0 6 50893 50891 1950238 408 141.369445801 141.363891602
144 6 2 0 50891 50887 1968197 49 141.363891602 141.352783203
76 12 1 5 50887 50880 2030362 172 141.352783203 141.333328247
30 131 0 0 50880 50872 2229065 552 141.333328247 141.311111450
113 125 1 0 50872 50858 2258169 80 141.311111450 141.272216797
254 144 2 0 50858 50857 2264996 18 141.272216797 141.269439697
76 140 0 3 50857 50856 2327893 174 141.269439697 141.266662598
128 121 2 0 50856 50851 2350895 63 141.266662598 141.252777100
