SetMedian AvgDist: 141.25833 TotalDist: 32310
Y 333344555555555556566556555656555555555566565565566556556565556677777001112121111212121121211110010101010001000111111111122333445454545443332221111121211121
Mean AvgDist: 135.34723 TotalDist: 2558850
Y 333444555555655565655656565665656656566566556565656565565565655566677777011111212112121211212111110100010001010110111111123344445544545454443221212121211212121122
Time taken by program is : 263.05201sec
514 127 0 5 50853 50794 33030 0 141.258331299 141.094451904
450 144 0 2 50794 50696 33750 1 141.094451904 140.822219849
360 145 0 2 50696 50632 34827 2 140.822219849 140.644439697
314 128 0 5 50632 50597 36260 3 140.644439697 140.547225952
300 148 0 2 50597 50516 37693 3 140.547225952 140.322219849
226 139 2 0 50516 50464 43792 16 140.322219849 140.177780151
244 142 0 1 50464 50459 45937 5 140.177780151 140.163894653
226 131 0 5 50459 50440 51316 14 140.163894653 140.111114502
232 123 2 0 50440 50428 55614 11 140.111114502 140.077774048
378 124 0 4 50428 50413 56691 2 140.077774048 140.036117554
224 125 2 0 50413 50392 63506 18 140.036117554 139.977783203
202 121 2 0 50392 50366 74275 29 139.977783203 139.905548096
194 142 2 0 50366 50354 85047 29 139.905548096 139.872222900
194 147 0 2 50354 50325 96537 31 139.872222900 139.791671753
190 125 0 4 50325 50261 108025 31 139.791671753 139.613891602
220 136 2 0 50261 50260 117361 25 139.613891602 139.611114502
178 126 0 4 50260 50224 130286 35 139.611114502 139.511108398
228 139 2 0 50224 50221 134587 11 139.511108398 139.502777100
169 36 1 6 50221 50039 148948 39 139.502777100 138.997222900
168 32 1 6 50039 49866 162953 38 138.997222900 138.516662598
164 74 2 0 49866 49757 178392 42 138.516662598 138.213882446
150 148 0 2 49757 49738 196700 50 138.213882446 138.161117554
198 141 2 0 49738 49735 206758 27 138.161117554 138.152770996
170 140 0 2 49735 49703 220041 36 138.152770996 138.063888550
192 142 2 0 49703 49701 231173 30 138.063888550 138.058334351
206 141 0 2 49701 49696 240872 26 138.058334351 138.044448853
188 143 2 0 49696 49692 252719 32 138.044448853 138.033340454
156 149 0 2 49692 49685 268874 44 138.033340454 138.013885498
148 127 0 4 49685 49672 286462 48 138.013885498 137.977783203
202 140 2 0 49672 49670 296520 27 137.977783203 137.972229004
142 31 1 6 49670 49589 315185 51 137.972229004 137.747222900
138 94 2 0 49589 49556 334210 52 137.747222900 137.655548096
135 38 1 6 49556 49472 352875 51 137.655548096 137.422225952
129 26 1 6 49472 49400 373681 57 137.422225952 137.222229004
122 69 1 7 49400 49364 396644 63 137.222229004 137.122222900
148 150 0 2 49364 49363 414225 48 137.122222900 137.119445801
123 64 1 6 49363 49317 436105 60 137.119445801 136.991668701
121 34 1 6 49317 49248 460139 66 136.991668701 136.800003052
115 15 1 6 49248 49233 485960 71 136.800003052 136.758331299
114 94 2 0 49233 49225 511064 69 136.758331299 136.736114502
113 3 1 4 49225 49213 538321 75 136.736114502 136.702774048
111 106 1 1 49213 49210 567366 80 136.702774048 136.694442749
111 11 1 6 49210 49165 596411 80 136.694442749 136.569442749
110 45 1 6 49165 49153 624745 78 136.569442749 136.536117554
107 98 1 0 49153 49116 654520 82 136.536117554 136.433334351
108 110 0 0 49116 49060 683574 80 136.433334351 136.277770996
111 118 1 2 49060 49018 710472 74 136.277770996 136.161117554
113 119 1 3 49018 48957 737373 74 136.161117554 135.991668701
246 127 2 0 48957 48951 739161 4 135.991668701 135.975006104
118 126 0 5 48951 48948 763550 67 135.975006104 135.966659546
248 127 2 0 48948 48946 765698 5 135.966659546 135.961105347
108 46 1 5 48946 48934 796195 84 135.961105347 135.927780151
106 158 1 2 48934 48912 825620 81 135.927780151 135.866668701
150 149 2 0 48912 48910 843920 50 135.866668701 135.861114502
160 140 0 2 48910 48896 858626 40 135.861114502 135.822219849
100 25 1 6 48896 48894 892718 94 135.822219849 135.816665649
98 78 1 2 48894 48877 928244 98 135.816665649 135.769439697
102 80 0 1 48877 48859 961975 93 135.769439697 135.719451904
92 11 0 5 48859 48833 1001815 110 135.719451904 135.647216797
89 76 1 1 48833 48827 1044527 118 135.647216797 135.630554199
100 77 1 2 48827 48804 1079692 97 135.630554199 135.566665649
84 156 1 2 48804 48797 1129242 137 135.566665649 135.547225952
180 145 2 0 48797 48790 1141445 33 135.547225952 135.527770996
124 155 0 1 48790 48789 1164764 64 135.527770996 135.524993896
84 38 1 6 48789 48771 1215746 141 135.524993896 135.475006104
89 39 1 5 48771 48762 1259892 122 135.475006104 135.449996948
64 143 1 2 48762 48760 1354750 263 135.449996948 135.444442749
60 23 0 6 48760 48757 1457506 285 135.444442749 135.436111450
114 49 1 6 48757 48756 1484413 74 135.436111450 135.433334351
79 20 1 5 48756 48753 1540799 156 135.433334351 135.425003052
70 27 2 0 48753 48752 1618050 214 135.425003052 135.422225952
103 50 1 5 48752 48747 1649276 86 135.422225952 135.408340454
91 40 1 6 48747 48742 1686608 103 135.408340454 135.394439697
56 130 1 4 48742 48740 1797984 309 135.394439697 135.388885498
50 142 1 1 48740 48733 1926244 356 135.388885498 135.369445801
48 50 0 6 48733 48731 2059903 371 135.369445801 135.363891602
104 42 1 5 48731 48725 2090047 83 135.363891602 135.347229004
