SetMedian AvgDist: 149.58055 TotalDist: 32310
Z 33343333333333343333333343445445556655666566766676666766664333333333333333333333334333334566767677777777777777777777767777777777777777070011112232232232232232232232222232222107707777777777777770777011111
Mean AvgDist: 140.37778 TotalDist: 2035336
Z 33333333333333333343334344555656656666666666666666666665433333333333333333333333334445556677777777777777777777777777777777777777777700111112222222222222222222222222222107777777777777777777700111122233
Time taken by program is : 318.15944sec
2436 202 0 3 53849 53731 33030 0 149.580551147 149.252777100
1210 203 0 3 53731 53626 33750 1 149.252777100 148.961105347
1166 204 0 3 53626 53593 34470 1 148.961105347 148.869445801
1114 205 0 3 53593 53588 35190 1 148.869445801 148.855560303
338 88 0 5 53588 53564 38784 9 148.855560303 148.788894653
300 3 2 0 53564 53413 43454 12 148.788894653 148.369445801
280 0 2 0 53413 53372 48125 12 148.369445801 148.255554199
260 143 2 0 53372 53175 52797 12 148.255554199 147.708328247
252 0 2 0 53175 53156 57828 13 147.708328247 147.655548096
236 84 0 4 53156 53154 62861 13 147.655548096 147.649993896
236 56 2 0 53154 53097 67893 13 147.649993896 147.491668701
216 56 2 0 53097 53068 73647 15 147.491668701 147.411117554
214 143 2 0 53068 52965 79401 15 147.411117554 147.125000000
208 89 2 0 52965 52917 85514 16 147.125000000 146.991668701
204 113 0 7 52917 52904 91627 16 146.991668701 146.955551147
200 54 0 5 52904 52814 98098 17 146.955551147 146.705551147
184 146 2 0 52814 52733 106365 22 146.705551147 146.480560303
202 148 0 2 52733 52722 113554 19 146.480560303 146.449996948
180 152 2 0 52722 52612 122182 23 146.449996948 146.144439697
186 149 0 2 52612 52589 130449 22 146.144439697 146.080551147
182 155 2 0 52589 52524 138716 22 146.080551147 145.899993896
184 150 0 2 52524 52506 146983 22 145.899993896 145.850006104
176 202 1 2 52506 52335 155970 24 145.850006104 145.375000000
166 173 1 7 52335 52235 165677 26 145.375000000 145.097229004
244 198 2 0 52235 52231 170710 13 145.097229004 145.086105347
448 197 0 2 52231 52227 173586 7 145.086105347 145.074996948
164 158 2 0 52227 52166 185092 31 145.074996948 144.905548096
206 163 0 2 52166 52141 192286 19 144.905548096 144.836105347
174 164 2 0 52141 52073 202711 28 144.836105347 144.647216797
150 84 2 0 52073 51965 216736 38 144.647216797 144.347229004
159 78 1 3 51965 51901 230041 36 144.347229004 144.169448853
151 34 1 6 51901 51782 244063 38 144.169448853 143.838882446
149 131 1 7 51782 51712 258088 38 143.838882446 143.644439697
202 92 2 0 51712 51711 266357 22 143.644439697 143.641662598
198 149 0 2 51711 51710 274627 22 143.641662598 143.638885498
178 113 0 7 51710 51707 285055 28 143.638885498 143.630554199
144 30 0 6 51707 51690 300879 43 143.630554199 143.583328247
138 42 1 6 51690 51568 317781 46 143.583328247 143.244445801
140 12 2 0 51568 51547 334682 46 143.244445801 143.186111450
652 20 0 3 51547 51545 337200 6 143.186111450 143.180557251
137 39 1 6 51545 51465 355182 49 143.180557251 142.958328247
258 0 2 0 51465 51464 359855 12 142.958328247 142.955551147
174 22 0 3 51464 51453 370642 29 142.955551147 142.925003052
266 0 2 0 51453 51449 374955 11 142.925003052 142.913894653
132 188 1 7 51449 51432 392580 48 142.913894653 142.866668701
156 170 2 0 51432 51417 406245 37 142.866668701 142.824996948
128 151 2 0 51417 51400 424588 50 142.824996948 142.777770996
126 24 1 3 51400 51371 442932 50 142.777770996 142.697219849
124 114 2 0 51371 51328 462356 53 142.697219849 142.577774048
121 45 1 6 51328 51243 482497 55 142.577774048 142.341659546
119 91 1 7 51243 51213 502995 56 142.341659546 142.258331299
126 85 1 5 51213 51145 522417 53 142.258331299 142.069442749
158 82 0 4 51145 51112 536803 39 142.069442749 141.977783203
128 88 2 0 51112 51108 555149 50 141.977783203 141.966659546
119 55 1 5 51108 50990 574930 54 141.966659546 141.638885498
116 194 1 2 50990 50973 596148 58 141.638885498 141.591659546
115 23 1 3 50973 50962 617367 58 141.591659546 141.561111450
120 23 2 0 50962 50940 638224 57 141.561111450 141.500000000
632 19 0 3 50940 50938 641460 8 141.500000000 141.494445801
108 166 0 2 50938 50932 665557 66 141.494445801 141.477783203
236 196 2 0 50932 50931 671309 15 141.477783203 141.475006104
108 189 0 0 50931 50888 695046 65 141.475006104 141.355560303
118 190 1 1 50888 50860 717342 61 141.355560303 141.277770996
106 54 1 6 50860 50841 742515 69 141.277770996 141.225006104
252 0 2 0 50841 50840 747186 12 141.225006104 141.222229004
109 49 1 6 50840 50776 770566 64 141.222229004 141.044448853
166 22 0 3 50776 50773 782792 33 141.044448853 141.036117554
101 191 1 1 50773 50754 810843 77 141.036117554 140.983337402
100 83 2 0 50754 50725 838536 76 140.983337402 140.902770996
160 82 0 3 50725 50712 852558 38 140.902770996 140.866668701
100 199 2 0 50712 50705 879532 74 140.866668701 140.847229004
816 196 0 3 50705 50699 881329 4 140.847229004 140.830551147
92 133 1 1 50699 50697 911537 83 140.830551147 140.824996948
202 138 2 0 50697 50682 920520 24 140.824996948 140.783340454
90 188 0 7 50682 50670 951086 84 140.783340454 140.750000000
80 190 1 0 50670 50634 989925 107 140.750000000 140.649993896
78 29 1 5 50634 50599 1028407 106 140.649993896 140.552780151
120 30 0 6 50599 50579 1049266 57 140.552780151 140.497222900
262 0 2 0 50579 50576 1054298 13 140.497222900 140.488891602
71 131 1 0 50576 50562 1101050 129 140.488891602 140.449996948
152 168 2 0 50562 50561 1115434 39 140.449996948 140.447219849
108 131 0 7 50561 50546 1138091 62 140.447219849 140.405548096
59 82 1 4 50546 50542 1201023 174 140.405548096 140.394439697
12 196 1 2 50542 50536 1527707 908 140.394439697 140.377777100
