SetMedian AvgDist: 103.27222 TotalDist: 8055
A 333334444455455545555555555555555545556765556555655655677770111111211112107777077677776565665556656556567677701111211221212121121111212211121121121111221223222222
Mean AvgDist: 95.08334 TotalDist: 466616
A 333334444554555555555555555554555555665555655555565566777700111111211111100777777777777666566566565666677770111111211212122121121221212212122121222122222222
Time taken by program is : 43.14962sec
126 114 2 0 18589 18480 8775 2 103.272224426 102.666664124
104 87 2 0 18480 18361 9315 2 102.666664124 102.005554199
108 115 2 0 18361 18281 9855 2 102.005554199 101.561111450
102 78 1 7 18281 18179 10575 3 101.561111450 100.994445801
98 39 2 0 18179 18117 11295 3 100.994445801 100.650001526
85 80 1 7 18117 18052 12195 4 100.650001526 100.288887024
84 143 1 2 18052 17975 13095 4 100.288887024 99.861114502
78 90 2 0 17975 17910 14173 5 99.861114502 99.500000000
76 65 0 1 17910 17887 15251 5 99.500000000 99.372222900
74 151 2 0 17887 17800 16329 5 99.372222900 98.888885498
73 145 1 2 17800 17758 17407 5 98.888885498 98.655555725
70 136 1 2 17758 17697 18665 6 98.655555725 98.316665649
68 71 2 0 17697 17681 20282 8 98.316665649 98.227775574
88 66 0 1 17681 17657 21002 3 98.227775574 98.094444275
66 16 1 5 17657 17621 22439 7 98.094444275 97.894447327
66 91 2 0 17621 17594 24056 8 97.894447327 97.744445801
66 5 2 0 17594 17563 25493 7 97.744445801 97.572219849
67 46 1 5 17563 17527 27111 8 97.572219849 97.372222900
64 100 1 6 17527 17503 28908 9 97.372222900 97.238891602
70 101 1 7 17503 17474 30526 8 97.238891602 97.077774048
64 106 2 0 17474 17462 32323 9 97.077774048 97.011108398
66 111 2 0 17462 17450 34120 9 97.011108398 96.944442749
61 136 1 2 17450 17437 36277 11 96.944442749 96.872222900
62 85 0 7 17437 17434 38614 12 96.872222900 96.855552673
62 96 2 0 17434 17431 40951 12 96.855552673 96.838890076
64 112 0 1 17431 17429 43109 11 96.838890076 96.827774048
61 123 1 2 17429 17397 45447 12 96.827774048 96.650001526
60 106 2 0 17397 17391 47964 13 96.650001526 96.616668701
58 33 2 0 17391 17364 50842 15 96.616668701 96.466667175
61 41 1 5 17364 17358 53181 12 96.466667175 96.433334351
59 50 1 6 17358 17312 55880 14 96.433334351 96.177780151
58 132 1 2 17312 17308 58579 14 96.177780151 96.155555725
57 48 1 5 17308 17302 61637 16 96.155555725 96.122222900
56 117 1 2 17302 17294 65595 21 96.122222900 96.077774048
53 128 1 2 17294 17268 70273 25 96.077774048 95.933334351
47 29 1 4 17268 17242 78192 43 95.933334351 95.788887024
45 120 1 2 17242 17236 87729 52 95.788887024 95.755554199
62 118 0 1 17236 17230 90965 17 95.755554199 95.722221375
54 118 1 2 17230 17227 95461 24 95.722221375 95.705558777
44 122 1 1 17227 17226 106795 62 95.705558777 95.699996948
62 117 2 0 17226 17225 109851 16 95.699996948 95.694442749
45 84 1 6 17225 17219 119927 55 95.694442749 95.661109924
53 65 1 1 17219 17218 124963 27 95.661109924 95.655555725
55 70 1 0 17218 17196 129459 24 95.655555725 95.533332825
51 91 1 5 17196 17191 136294 37 95.533332825 95.505554199
43 97 1 6 17191 17186 147448 61 95.505554199 95.477775574
42 132 1 1 17186 17184 158782 62 95.477775574 95.466667175
45 90 1 6 17184 17183 168856 55 95.466667175 95.461112976
42 64 0 2 17183 17173 182710 76 95.461112976 95.405555725
48 91 1 5 17173 17172 190624 43 95.405555725 95.400001526
44 92 1 6 17172 17171 201957 62 95.400001526 95.394447327
38 57 1 0 17171 17142 218329 90 95.394447327 95.233329773
38 50 0 5 17142 17137 236501 100 95.233329773 95.205558777
40 42 0 6 17137 17130 250532 77 95.205558777 95.166664124
47 49 1 6 17130 17122 258802 45 95.166664124 95.122222900
34 116 0 1 17122 17115 284346 141 95.122222900 95.083335876
