SetMedian AvgDist: 126.57222 TotalDist: 8055
B 3333333333434334443445546555566666554444445444554554545656666766667767767776777777777077776667777700111111100111111011121111111111211121121112212122223232323
Mean AvgDist: 118.74445 TotalDist: 582136
B 3333333333434344445545555556566666555444445455555555556566666676767767777777777777777770777777700111111112111111211112111111111111111111212222222323233
Time taken by program is : 56.36811sec
114 0 2 0 22783 22772 8775 2 126.572219849 126.511108398
106 89 2 0 22772 22683 9671 4 126.511108398 126.016670227
99 52 1 5 22683 22542 11463 9 126.016670227 125.233329773
99 50 1 5 22542 22434 13255 9 125.233329773 124.633331299
98 64 0 7 22434 22422 15047 9 124.633331299 124.566665649
98 106 2 0 22422 22287 16303 6 124.566665649 123.816665649
94 90 2 0 22287 22210 17379 5 123.816665649 123.388885498
87 75 1 7 22210 22136 19351 10 123.388885498 122.977775574
86 19 0 5 22136 22103 21501 11 122.977775574 122.794441223
83 113 1 1 22103 21991 23831 12 122.794441223 122.172225952
80 23 1 5 21991 21937 26341 13 122.172225952 121.872222900
80 36 2 0 21937 21903 28851 13 121.872222900 121.683334351
224 9 0 3 21903 21898 29211 1 121.683334351 121.655555725
75 48 1 5 21898 21863 32795 19 121.655555725 121.461112976
74 61 2 0 21863 21841 36379 19 121.461112976 121.338890076
73 105 1 1 21841 21749 40145 20 121.338890076 120.827774048
72 131 2 0 21749 21717 43735 19 120.827774048 120.650001526
96 85 0 7 21717 21713 45530 9 120.650001526 120.627777100
74 18 1 5 21713 21643 48401 15 120.627777100 120.238891602
76 37 2 0 21643 21634 51094 14 120.238891602 120.188888550
70 90 2 0 21634 21586 55403 23 120.188888550 119.922225952
76 43 0 5 21586 21581 58995 19 119.922225952 119.894447327
69 151 1 3 21581 21558 63842 26 119.894447327 119.766670227
74 150 2 0 21558 21556 67611 20 119.766670227 119.755554199
66 86 0 7 21556 21545 73353 31 119.755554199 119.694442749
60 13 2 0 21545 21541 80342 38 119.694442749 119.672225952
58 44 1 5 21541 21525 88587 45 119.672225952 119.583335876
58 87 2 0 21525 21523 95934 40 119.583335876 119.572219849
62 70 1 7 21523 21518 102568 36 119.572219849 119.544441223
92 62 0 7 21518 21511 104904 12 119.544441223 119.505554199
58 24 1 5 21511 21468 112248 40 119.505554199 119.266670227
58 137 0 1 21468 21461 119592 40 119.266670227 119.227775574
55 27 1 6 21461 21448 129274 53 119.227775574 119.155555725
54 133 2 0 21448 21435 140575 62 119.155555725 119.083335876
51 138 1 1 21435 21426 153128 69 119.083335876 119.033332825
60 149 0 3 21426 21422 159763 36 119.033332825 119.011108398
45 113 1 2 21422 21421 176626 93 119.011108398 119.005554199
41 106 1 2 21421 21412 197444 115 119.005554199 118.955558777
52 116 1 1 21412 21402 208020 58 118.955558777 118.900001526
42 118 1 2 21402 21398 226682 103 118.900001526 118.877777100
52 127 1 1 21398 21395 237617 60 118.877777100 118.861114502
33 40 1 4 21395 21394 272640 194 118.861114502 118.855552673
54 62 2 0 21394 21393 282502 54 118.855552673 118.849998474
53 140 1 2 21393 21392 292188 53 118.849998474 118.844444275
64 147 2 0 21392 21391 298462 34 118.844444275 118.838890076
49 138 1 2 21391 21387 310305 65 118.838890076 118.816665649
32 36 1 5 21387 21381 348573 212 118.816665649 118.783332825
48 17 1 4 21381 21380 361673 72 118.783332825 118.777778625
94 62 0 7 21380 21378 364005 12 118.777778625 118.766670227
55 18 1 5 21378 21375 373332 51 118.766670227 118.750000000
60 88 2 0 21375 21374 379251 32 118.750000000 118.744445801
