SetMedian AvgDist: 144.55000 TotalDist: 8055
F 333343344345445455667767777707776776707777766555555544333333233333333323432344455556777777776777777777776776555555555555555665567677701111122111111111111111011112011011211121121212122232323332333
Mean AvgDist: 133.00000 TotalDist: 1035076
F 333333333434455566776777777777777777777777766565555555433333333333333333334445566767777777767777777777776655565555555656566777701111111111211111211112111121111121111111212233233233233332333
Time taken by program is : 139.55854sec
452 4 0 3 26019 26015 8595 1 144.550003052 144.527770996
258 182 0 3 26015 26014 9315 3 144.527770996 144.522216797
172 183 0 3 26014 26013 10215 4 144.522216797 144.516662598
134 185 0 3 26013 26005 11475 6 144.516662598 144.472229004
130 75 2 0 26005 25862 12735 6 144.472229004 143.677780151
128 5 2 0 25862 25796 13995 6 143.677780151 143.311111450
202 8 0 3 25796 25790 14535 2 143.311111450 143.277770996
124 108 2 0 25790 25701 16334 9 143.277770996 142.783340454
122 138 2 0 25701 25591 18313 10 142.783340454 142.172225952
116 71 2 0 25591 25514 20832 13 142.172225952 141.744445801
118 45 0 5 25514 25506 23171 12 141.744445801 141.699996948
112 38 1 7 25506 25382 25870 14 141.699996948 141.011108398
112 20 0 7 25382 25372 28749 15 141.011108398 140.955551147
112 109 2 0 25372 25306 31448 14 140.955551147 140.588882446
110 160 2 0 25306 25169 34507 16 140.588882446 139.827774048
104 7 2 0 25169 25109 37386 15 139.827774048 139.494445801
96 56 2 0 25109 25098 40985 19 139.494445801 139.433334351
94 160 2 0 25098 24993 44584 19 139.433334351 138.850006104
94 29 1 7 24993 24892 48363 20 138.850006104 138.288894653
90 11 1 3 24892 24810 52322 21 138.288894653 137.833328247
132 0 2 0 24810 24809 54661 12 137.833328247 137.827774048
224 9 0 3 24809 24806 55201 2 137.827774048 137.811111450
89 126 1 7 24806 24758 59520 23 137.811111450 137.544448853
88 78 2 0 24758 24693 64019 24 137.544448853 137.183334351
86 181 0 3 24693 24683 68518 24 137.183334351 137.127777100
118 174 2 0 24683 24667 71217 14 137.127777100 137.038894653
120 174 2 0 24667 24658 73916 14 137.038894653 136.988891602
244 176 0 3 24658 24648 74456 2 136.988891602 136.933334351
82 106 2 0 24648 24631 80035 30 136.933334351 136.838882446
82 7 2 0 24631 24596 85614 30 136.838882446 136.644439697
80 71 1 3 24596 24547 91013 29 136.644439697 136.372222900
80 133 2 0 24547 24520 96772 31 136.372222900 136.222229004
82 148 2 0 24520 24448 101991 28 136.222229004 135.822219849
192 173 0 3 24448 24447 102711 3 135.822219849 135.816665649
88 180 0 3 24447 24445 107390 25 135.816665649 135.805557251
114 171 2 0 24445 24438 110089 14 135.805557251 135.766662598
112 171 2 0 24438 24433 113148 16 135.766662598 135.738891602
154 173 0 3 24433 24427 114947 9 135.738891602 135.705551147
140 174 0 3 24427 24419 116926 10 135.705551147 135.661117554
112 171 2 0 24419 24418 119625 14 135.661117554 135.655548096
78 32 0 7 24418 24410 125204 30 135.655548096 135.611114502
76 90 0 7 24410 24409 131503 34 135.611114502 135.605560303
74 54 0 5 24409 24408 137982 35 135.605560303 135.600006104
92 45 2 0 24408 24401 142300 23 135.600006104 135.561111450
74 61 2 0 24401 24388 148599 34 135.561111450 135.488891602
72 33 1 7 24388 24349 155618 38 135.488891602 135.272216797
78 18 2 0 24349 24336 161917 34 135.272216797 135.199996948
72 54 1 3 24336 24304 169116 39 135.199996948 135.022216797
138 44 0 5 24304 24302 171095 10 135.022216797 135.011108398
68 91 2 0 24302 24289 178654 41 135.011108398 134.938888550
61 35 1 7 24289 24283 187652 49 134.938888550 134.905548096
61 161 1 1 24283 24243 196650 49 134.905548096 134.683334351
62 166 1 1 24243 24213 205828 50 134.683334351 134.516662598
53 79 1 6 24213 24169 217705 65 134.516662598 134.272216797
55 118 1 5 24169 24168 228502 59 134.272216797 134.266662598
106 184 0 3 24168 24167 231921 18 134.266662598 134.261108398
80 105 2 0 24167 24159 237859 32 134.261108398 134.216659546
68 127 2 0 24159 24158 245957 44 134.216659546 134.211105347
59 121 1 6 24158 24132 255314 51 134.211105347 134.066665649
56 162 0 1 24132 24128 265750 57 134.066665649 134.044448853
64 127 2 0 24128 24114 274207 46 134.044448853 133.966659546
58 162 0 1 24114 24103 283204 49 133.966659546 133.905548096
51 163 1 1 24103 24095 295979 70 133.905548096 133.861114502
48 109 0 6 24095 24080 310734 81 133.861114502 133.777770996
72 105 2 0 24080 24077 317752 38 133.777770996 133.761108398
50 83 0 6 24077 24075 330348 69 133.761108398 133.750000000
51 91 1 7 24075 24074 342585 67 133.750000000 133.744445801
46 163 1 2 24074 24071 357881 84 133.744445801 133.727783203
46 145 1 2 24071 24055 373896 88 133.727783203 133.638885498
55 163 1 1 24055 24053 384513 58 133.638885498 133.627777100
60 128 2 0 24053 24052 393511 49 133.627777100 133.622222900
52 149 1 1 24052 24050 405028 63 133.622222900 133.611114502
45 119 1 6 24050 24041 421043 88 133.611114502 133.561111450
100 81 2 0 24041 24040 425362 23 133.561111450 133.555557251
88 116 0 5 24040 24038 430581 28 133.555557251 133.544448853
44 167 0 1 24038 24036 447676 94 133.544448853 133.533340454
118 172 2 0 24036 24035 450555 15 133.533340454 133.527770996
47 149 1 2 24035 24030 465491 82 133.527770996 133.500000000
196 173 0 3 24030 24029 466571 5 133.500000000 133.494445801
40 13 2 0 24029 24024 487987 118 133.494445801 133.466659546
44 13 1 5 24024 23998 505083 94 133.466659546 133.322219849
41 41 1 6 23998 23986 524699 108 133.322219849 133.255554199
86 45 2 0 23986 23983 530458 31 133.255554199 133.238891602
80 41 0 7 23983 23968 536397 32 133.238891602 133.155548096
52 42 0 7 23968 23967 547914 63 133.155548096 133.149993896
40 113 1 6 23967 23966 570229 123 133.149993896 133.144439697
40 160 1 2 23966 23964 592005 120 133.144439697 133.133331299
32 138 1 2 23964 23956 627817 198 133.133331299 133.088882446
27 105 1 6 23956 23952 674424 258 133.088882446 133.066665649
50 108 1 5 23952 23951 686840 68 133.066665649 133.061111450
22 110 0 6 23951 23950 749102 345 133.061111450 133.055557251
54 101 2 0 23950 23948 760618 63 133.055557251 133.044448853
56 113 1 5 23948 23946 771234 58 133.044448853 133.033340454
40 91 0 6 23946 23944 793726 124 133.033340454 133.022216797
64 106 2 0 23944 23940 801823 44 133.022216797 133.000000000
