SetMedian AvgDist: 84.64445 TotalDist: 8055
L 3345455555555655555565565555556555554333333323333333333333343334556767777776777776777767776777777770011211111111111122111111211111111112112111
Mean AvgDist: 78.08889 TotalDist: 317495
L 33344555555555655565565565556556555554333333333333333333333334455566677777777777777777777777776777777700111111112112121122111212111211211111111112
Time taken by program is : 25.91668sec
270 0 0 3 15236 15110 8415 0 84.644447327 83.944442749
196 70 0 7 15110 15063 8775 1 83.944442749 83.683334351
146 67 0 6 15063 15030 9314 2 83.683334351 83.500000000
112 0 2 0 15030 15006 10031 3 83.500000000 83.366668701
108 71 0 7 15006 14977 11106 5 83.366668701 83.205558777
102 112 0 2 14977 14943 12181 5 83.205558777 83.016670227
94 45 2 0 14943 14860 13256 5 83.016670227 82.555557251
106 63 0 5 14860 14842 14331 5 82.555557251 82.455558777
96 107 2 0 14842 14767 15406 5 82.455558777 82.038887024
94 38 2 0 14767 14756 16660 6 82.038887024 81.977775574
93 78 1 7 14756 14675 17913 6 81.977775574 81.527778625
108 84 0 7 14675 14670 18987 5 81.527778625 81.500000000
86 4 2 0 14670 14645 20239 6 81.500000000 81.361114502
82 67 2 0 14645 14639 21673 7 81.361114502 81.327774048
98 83 0 7 14639 14621 22749 5 81.327774048 81.227775574
79 141 1 1 14621 14599 24363 8 81.227775574 81.105552673
80 113 0 2 14599 14572 25977 8 81.105552673 80.955558777
77 84 1 7 14572 14506 27591 8 80.955558777 80.588890076
86 67 2 0 14506 14501 28666 5 80.588890076 80.561111450
78 92 0 7 14501 14491 30460 9 80.561111450 80.505554199
96 67 2 0 14491 14479 31715 6 80.505554199 80.438888550
76 87 0 7 14479 14464 33509 9 80.438888550 80.355552673
76 88 2 0 14464 14433 35483 10 80.355552673 80.183334351
118 92 0 7 14433 14424 36559 5 80.183334351 80.133331299
75 57 1 3 14424 14404 38893 12 80.133331299 80.022224426
74 64 1 5 14404 14327 41585 14 80.022224426 79.594444275
71 60 1 4 14327 14276 44638 16 79.594444275 79.311111450
68 61 2 0 14276 14250 47690 16 79.311111450 79.166664124
64 26 0 6 14250 14232 51101 18 79.166664124 79.066665649
63 145 1 2 14232 14228 54688 19 79.066665649 79.044441223
60 116 0 2 14228 14225 58637 21 79.044441223 79.027778625
66 110 2 0 14225 14207 61687 16 79.027778625 78.927780151
55 132 1 2 14207 14158 66895 28 78.927780151 78.655555725
49 117 1 2 14158 14135 74081 39 78.655555725 78.527778625
48 17 1 6 14135 14116 81266 39 78.527778625 78.422225952
47 126 1 2 14116 14097 89350 44 78.422225952 78.316665649
46 68 0 6 14097 14088 97794 46 78.316665649 78.266670227
48 95 2 0 14088 14083 105518 42 78.266670227 78.238891602
44 28 1 6 14083 14076 115039 52 78.238891602 78.199996948
49 26 1 5 14076 14074 122040 38 78.199996948 78.188888550
40 24 2 0 14074 14067 135334 73 78.188888550 78.150001526
70 13 0 5 14067 14065 137488 11 78.150001526 78.138885498
34 135 0 2 14065 14064 159949 124 78.138885498 78.133331299
64 140 1 1 14064 14058 163175 17 78.133331299 78.099998474
62 122 2 0 14058 14056 166760 19 78.099998474 78.088890076
