SetMedian AvgDist: 216.69444 TotalDist: 8055
M 333434554554555555542222222212323234344545555555555655555555655555655565555567777011111111111211111111211111106666676666667777001011211111111106665565665555666556566556565565556767007010112121121221121212111221121212121222223233
Mean AvgDist: 199.99445 TotalDist: 1988551
M 3333444455455555554322222222333444555555555555555555555555555555555565677777001111111112111111111111111110766666656656656656666777700101111111111110076656556565556565565655656566777700111111121112121121121112111221211212121221221222
Time taken by program is : 423.78409sec
286 118 0 5 39005 38848 8775 2 216.694442749 215.822219849
278 109 0 7 38848 38837 9315 2 215.822219849 215.761108398
318 110 0 6 38837 38774 9675 1 215.761108398 215.411117554
236 121 0 5 38774 38685 10395 3 215.411117554 214.916671753
200 122 0 5 38685 38617 11655 6 214.916671753 214.538894653
176 123 0 5 38617 38567 13275 8 214.538894653 214.261108398
158 28 2 0 38567 38482 15075 9 214.261108398 213.788894653
152 232 0 2 38482 38424 17235 11 213.788894653 213.466659546
152 20 2 0 38424 38377 19575 12 213.466659546 213.205551147
152 118 0 6 38377 38318 21735 11 213.205551147 212.877777100
148 115 0 5 38318 38268 23895 11 212.877777100 212.600006104
144 20 2 0 38268 38252 26055 11 212.600006104 212.511108398
140 105 0 0 38252 38221 28935 15 212.511108398 212.338882446
134 20 2 0 38221 38214 31815 15 212.338882446 212.300003052
122 137 2 0 38214 38188 35595 20 212.300003052 212.155548096
118 134 0 1 38188 38158 39555 21 212.155548096 211.988891602
116 151 2 0 38158 38053 44055 24 211.988891602 211.405548096
114 189 0 1 38053 38005 49095 27 211.405548096 211.138885498
112 108 1 6 38005 37847 54315 28 211.138885498 210.261108398
112 29 2 0 37847 37833 59535 28 210.261108398 210.183334351
146 26 0 2 37833 37813 61515 10 210.183334351 210.072219849
118 28 2 0 37813 37806 66015 24 210.072219849 210.033340454
176 27 0 2 37806 37793 67275 6 210.033340454 209.961105347
107 190 1 1 37793 37662 73215 32 209.961105347 209.233337402
106 151 2 0 37662 37579 79335 33 209.233337402 208.772216797
112 135 0 1 37579 37577 84375 27 208.772216797 208.761108398
118 89 0 1 37577 37576 88335 21 208.761108398 208.755554199
108 194 0 1 37576 37539 94275 32 208.755554199 208.550003052
116 195 0 1 37539 37518 98415 22 208.550003052 208.433334351
112 196 0 1 37518 37511 102914 24 208.433334351 208.394439697
112 233 2 0 37511 37414 107953 27 208.394439697 207.855560303
106 234 2 0 37414 37331 114251 34 207.855560303 207.394439697
110 219 0 2 37331 37329 120010 31 207.394439697 207.383331299
100 120 2 0 37329 37324 127028 38 207.383331299 207.355560303
118 111 0 5 37324 37312 131886 26 207.355560303 207.288894653
98 197 0 1 37312 37309 139264 40 207.288894653 207.272216797
98 6 2 0 37309 37295 147181 43 207.272216797 207.194442749
106 10 0 5 37295 37290 154198 38 207.194442749 207.166671753
96 157 2 0 37290 37202 163015 48 207.166671753 206.677780151
94 78 2 0 37202 37201 172192 50 206.677780151 206.672225952
104 98 0 1 37201 37195 179569 40 206.672225952 206.638885498
92 236 2 0 37195 37128 190366 59 206.638885498 206.266662598
90 204 0 1 37128 37127 201164 59 206.266662598 206.261108398
88 184 1 7 37127 37023 212502 62 206.261108398 205.683334351
90 150 2 0 37023 36966 223480 60 205.683334351 205.366668701
88 121 2 0 36966 36965 234458 60 205.366668701 205.361114502
108 117 0 5 36965 36962 241836 40 205.361114502 205.344451904
94 120 0 5 36962 36951 251914 55 205.344451904 205.283340454
92 116 2 0 36951 36943 262172 56 205.283340454 205.238891602
86 153 2 0 36943 36913 273510 62 205.238891602 205.072219849
84 150 2 0 36913 36854 285928 68 205.072219849 204.744445801
78 89 2 0 36854 36851 299066 72 204.744445801 204.727783203
78 104 0 1 36851 36850 312024 71 204.727783203 204.722229004
76 148 0 0 36850 36843 326062 77 204.722229004 204.683334351
108 134 2 0 36843 36835 333800 42 204.683334351 204.638885498
76 182 1 7 36835 36787 348018 78 204.638885498 204.372222900
74 106 2 0 36787 36714 362776 81 204.372222900 203.966659546
74 32 2 0 36714 36690 377534 81 203.966659546 203.833328247
72 155 2 0 36690 36660 392292 81 203.833328247 203.666671753
72 46 1 5 36660 36603 407590 84 203.666671753 203.350006104
72 226 0 1 36603 36599 422888 84 203.350006104 203.327774048
72 115 1 6 36599 36536 438545 86 203.327774048 202.977783203
96 112 0 5 36536 36535 447542 49 202.977783203 202.972229004
94 109 2 0 36535 36524 456899 51 202.972229004 202.911117554
78 111 0 6 36524 36519 469496 69 202.911117554 202.883331299
86 121 2 0 36519 36512 479933 57 202.883331299 202.844451904
68 61 1 5 36512 36469 496670 92 202.844451904 202.605560303
66 182 2 0 36469 36468 513767 94 202.605560303 202.600006104
88 199 0 1 36468 36445 523845 55 202.600006104 202.472229004
64 55 1 5 36445 36420 542022 100 202.472229004 202.333328247
58 70 1 6 36420 36358 562358 112 202.333328247 201.988891602
58 182 2 0 36358 36356 583414 116 201.988891602 201.977783203
61 175 1 6 36356 36309 603391 110 201.977783203 201.716659546
60 162 1 5 36309 36295 624267 115 201.716659546 201.638885498
59 172 1 6 36295 36284 645503 117 201.638885498 201.577774048
102 189 0 1 36284 36282 653781 45 201.577774048 201.566665649
58 71 1 7 36282 36264 675917 122 201.566665649 201.466659546
74 97 2 0 36264 36263 691934 88 201.466659546 201.461105347
60 65 1 5 36263 36253 711910 110 201.461105347 201.405548096
59 68 1 6 36253 36226 733146 117 201.405548096 201.255554199
52 220 1 2 36226 36223 757262 133 201.255554199 201.238891602
64 189 2 0 36223 36219 775979 103 201.238891602 201.216659546
72 151 2 0 36219 36218 791817 87 201.216659546 201.211105347
60 227 1 1 36218 36217 812155 112 201.211105347 201.205551147
51 202 1 1 36217 36210 838973 148 201.205551147 201.166671753
62 150 0 5 36210 36209 858051 105 201.166671753 201.161117554
78 152 2 0 36209 36205 870649 69 201.161117554 201.138885498
58 133 1 1 36205 36203 891527 115 201.138885498 201.127777100
51 145 1 0 36203 36181 917625 144 201.127777100 201.005554199
76 149 0 5 36181 36178 930943 73 201.005554199 200.988891602
60 161 2 0 36178 36172 950741 109 200.988891602 200.955551147
66 132 0 0 36172 36170 968199 96 200.955551147 200.944442749
55 147 1 7 36170 36120 991237 127 200.944442749 200.666671753
58 156 1 5 36120 36110 1011755 113 200.666671753 200.611114502
46 86 0 2 36110 36089 1042173 168 200.611114502 200.494445801
52 35 1 5 36089 36088 1068091 143 200.494445801 200.488891602
44 20 0 3 36088 36082 1101209 183 200.488891602 200.455551147
102 6 2 0 36082 36077 1109126 43 200.455551147 200.427780151
52 8 0 4 36077 36067 1135403 145 200.427780151 200.372222900
82 3 2 0 36067 36052 1147460 66 200.372222900 200.288894653
44 215 2 0 36052 36051 1182017 191 200.288894653 200.283340454
80 199 0 1 36051 36049 1194432 68 200.283340454 200.272216797
59 229 1 2 36049 36048 1215307 115 200.272216797 200.266662598
52 228 0 1 36048 36037 1242841 152 200.266662598 200.205551147
76 182 2 0 36037 36036 1257236 79 200.205551147 200.199996948
92 193 0 1 36036 36034 1266412 50 200.199996948 200.188888550
78 182 2 0 36034 36027 1279726 73 200.188888550 200.149993896
46 194 2 0 36027 36021 1311940 178 200.149993896 200.116668701
90 189 0 1 36021 36013 1321655 53 200.116668701 200.072219849
36 219 1 1 36013 36012 1371868 278 200.072219849 200.066665649
36 182 1 0 36012 36010 1419743 265 200.066665649 200.055557251
32 6 0 4 36010 36008 1483816 355 200.055557251 200.044448853
88 7 2 0 36008 36007 1495512 64 200.044448853 200.038894653
26 77 0 0 36007 36006 1580644 472 200.038894653 200.033340454
22 175 2 0 36006 36002 1679816 550 200.033340454 200.011108398
58 155 0 5 36002 35999 1701411 119 200.011108398 199.994445801
