SetMedian AvgDist: 168.02777 TotalDist: 8055
N 33344555666555655555655555656556566555666566777700010111101110110111111106555565555565655556566555677770111121211111212121111111112112111211123333445455454554555455455555454321122212111112121112111111221
Mean AvgDist: 161.83888 TotalDist: 1803845
N 3333445555555655555655565556555556555565556566777770011110111011111011110765565565556565556565655666777701111111111211211111211121111121112223334454555554555554555555543221122111212111211121211121112121
Time taken by program is : 277.53923sec
186 0 0 3 30245 30220 8773 2 168.027770996 167.888885498
136 176 0 1 30220 30212 9670 4 167.888885498 167.844451904
116 110 2 0 30212 30141 11286 8 167.844451904 167.449996948
96 179 0 1 30141 30114 13262 10 167.449996948 167.300003052
94 0 2 0 30114 30060 15418 11 167.300003052 167.000000000
126 5 0 5 30060 30035 16495 5 167.000000000 166.861114502
90 111 2 0 30035 30018 19370 15 166.861114502 166.766662598
84 148 2 0 30018 29974 23141 20 166.766662598 166.522216797
104 173 2 0 29974 29973 25118 10 166.522216797 166.516662598
156 177 0 1 29973 29946 25656 2 166.516662598 166.366668701
82 10 2 0 29946 29927 29247 19 166.366668701 166.261108398
80 96 2 0 29927 29913 33378 22 166.261108398 166.183334351
78 116 2 0 29913 29883 37869 24 166.183334351 166.016662598
78 185 0 1 29883 29882 42359 24 166.016662598 166.011108398
76 146 2 0 29882 29862 47029 25 166.011108398 165.899993896
72 15 0 5 29862 29826 52239 28 165.899993896 165.699996948
82 10 0 5 29826 29790 56190 21 165.699996948 165.500000000
92 11 2 0 29790 29770 59064 15 165.500000000 165.388885498
104 11 0 5 29770 29753 61220 11 165.388885498 165.294448853
76 56 2 0 29753 29738 66070 26 165.294448853 165.211105347
80 111 0 2 29738 29737 70201 22 165.211105347 165.205551147
72 76 0 6 29737 29701 75949 31 165.205551147 165.005554199
78 98 2 0 29701 29687 80439 24 165.005554199 164.927780151
84 111 2 0 29687 29685 83670 17 164.927780151 164.916671753
78 56 2 0 29685 29684 87980 23 164.916671753 164.911117554
68 5 2 0 29684 29674 94087 33 164.911117554 164.855560303
80 11 0 5 29674 29666 98038 21 164.855560303 164.811111450
68 31 2 0 29666 29658 104326 34 164.811111450 164.766662598
96 12 0 5 29658 29649 107199 15 164.766662598 164.716659546
66 90 0 6 29649 29612 114029 37 164.716659546 164.511108398
64 34 2 0 29612 29587 122477 46 164.511108398 164.372222900
76 13 0 5 29587 29576 126967 24 164.372222900 164.311111450
72 36 2 0 29576 29573 131817 26 164.311111450 164.294448853
68 19 0 5 29573 29563 138645 37 164.294448853 164.238891602
82 6 2 0 29563 29561 141878 17 164.238891602 164.227783203
64 40 2 0 29561 29556 149606 42 164.227783203 164.199996948
84 19 0 5 29556 29543 153559 21 164.199996948 164.127777100
64 41 2 0 29543 29537 161467 43 164.127777100 164.094451904
72 20 0 5 29537 29526 167755 34 164.094451904 164.033340454
62 199 0 1 29526 29516 176382 47 164.033340454 163.977783203
98 170 2 0 29516 29505 179076 14 163.977783203 163.916671753
74 175 0 1 29505 29495 184288 28 163.916671753 163.861114502
74 179 2 0 29495 29476 189140 26 163.861114502 163.755554199
60 64 1 1 29476 29470 198848 53 163.755554199 163.722229004
59 71 1 0 29470 29467 209096 56 163.722229004 163.705551147
58 152 1 5 29467 29448 219525 57 163.705551147 163.600006104
68 97 2 0 29448 29447 225636 33 163.600006104 163.594451904
76 96 0 5 29447 29430 230307 25 163.594451904 163.500000000
76 110 0 2 29430 29427 234262 21 163.500000000 163.483337402
58 131 2 0 29427 29424 244690 57 163.483337402 163.466659546
56 124 1 2 29424 29403 255837 61 163.466659546 163.350006104
55 149 1 5 29403 29376 267882 66 163.350006104 163.199996948
58 139 1 2 29376 29310 278310 57 163.199996948 162.833328247
54 54 1 1 29310 29301 290355 66 162.833328247 162.783340454
53 67 1 0 29301 29293 303839 74 162.783340454 162.738891602
52 156 1 5 29293 29281 318223 79 162.738891602 162.672225952
48 176 1 1 29281 29277 335125 93 162.672225952 162.649993896
48 180 0 2 29277 29274 352568 96 162.649993896 162.633331299
70 175 2 0 29274 29264 358496 32 162.633331299 162.577774048
47 91 1 6 29264 29261 376838 101 162.577774048 162.561111450
48 87 1 5 29261 29258 394638 98 162.561111450 162.544448853
47 19 1 6 29258 29256 413338 103 162.544448853 162.533340454
47 21 1 5 29256 29251 432398 105 162.533340454 162.505554199
46 194 1 2 29251 29246 452178 109 162.505554199 162.477783203
42 83 1 6 29246 29228 478616 146 162.477783203 162.377777100
42 122 1 2 29228 29227 504694 144 162.377777100 162.372222900
86 110 2 0 29227 29224 507746 16 162.372222900 162.355560303
33 164 1 5 29224 29223 561348 297 162.355560303 162.350006104
40 169 0 2 29223 29221 593545 178 162.350006104 162.338882446
94 170 2 0 29221 29214 595337 9 162.338882446 162.300003052
36 196 0 1 29214 29205 639587 245 162.300003052 162.250000000
66 179 2 0 29205 29196 646954 40 162.250000000 162.199996948
70 176 0 1 29196 29191 653421 35 162.199996948 162.172225952
36 185 2 0 29191 29188 694249 226 162.172225952 162.155548096
29 76 1 6 29188 29184 765115 393 162.155548096 162.133331299
35 71 1 1 29184 29182 810620 252 162.133331299 162.122222900
18 139 0 2 29182 29181 921409 615 162.122222900 162.116668701
82 146 2 0 29181 29178 925000 19 162.116668701 162.100006104
86 169 0 1 29178 29176 927872 15 162.100006104 162.088882446
46 145 1 5 29176 29175 948373 113 162.088882446 162.083328247
41 152 1 4 29175 29172 977870 163 162.083328247 162.066665649
35 169 1 2 29172 29168 1024639 259 162.066665649 162.044448853
10 188 0 2 29168 29165 1181068 869 162.044448853 162.027770996
84 168 2 0 29165 29158 1183939 15 162.027770996 161.988891602
8 99 0 6 29158 29153 1352386 936 161.988891602 161.961105347
44 95 2 0 29153 29147 1376844 135 161.961105347 161.927780151
36 121 1 1 29147 29145 1421092 245 161.927780151 161.916671753
30 73 1 7 29145 29143 1482792 342 161.916671753 161.905548096
82 76 0 5 29143 29138 1485484 14 161.905548096 161.877777100
53 50 1 7 29138 29134 1498787 73 161.877777100 161.855560303
41 23 1 6 29134 29131 1529539 170 161.855560303 161.838882446
