SetMedian AvgDist: 65.65556 TotalDist: 8055
O 33333434343454454554555545555656555565665656666767767767777777077770070001011101111111112112111222222222332332232
Mean AvgDist: 61.34444 TotalDist: 233416
O 333333334344444445545555555555555565656656666766676776776777777777777070000101111111111121121212221222122222223223
Time taken by program is : 11.70909sec
366 0 0 3 11818 11786 8415 0 65.655555725 65.477775574
104 0 2 0 11786 11772 8954 2 65.477775574 65.400001526
104 55 0 7 11772 11762 9494 2 65.400001526 65.344444275
96 64 1 7 11762 11669 10034 2 65.344444275 64.827774048
90 106 2 0 11669 11584 10574 2 64.827774048 64.355552673
94 56 0 7 11584 11583 11474 4 64.355552673 64.349998474
84 30 2 0 11583 11522 12374 4 64.349998474 64.011108398
82 80 1 1 11522 11473 13454 5 64.011108398 63.738887787
76 77 2 0 11473 11467 14894 7 63.738887787 63.705554962
102 105 0 2 11467 11456 15434 2 63.705554962 63.644443512
82 94 0 2 11456 11440 16694 6 63.644443512 63.555557251
74 107 2 0 11440 11387 18314 8 63.555557251 63.261112213
69 113 1 3 11387 11357 20114 9 63.261112213 63.094444275
76 108 2 0 11357 11322 21194 5 63.094444275 62.900001526
100 93 0 2 11322 11320 21914 3 62.900001526 62.888889313
68 42 0 6 11320 11318 24074 11 62.888889313 62.877777100
72 13 2 0 11318 11289 25694 8 62.877777100 62.716667175
67 42 1 6 11289 11237 28034 12 62.716667175 62.427776337
78 52 2 0 11237 11234 28934 4 62.427776337 62.411109924
64 68 2 0 11234 11216 31634 14 62.411109924 62.311111450
112 55 0 7 11216 11211 32174 2 62.311111450 62.283332825
63 24 1 5 11211 11193 34874 14 62.283332825 62.183334351
130 6 0 3 11193 11191 35234 1 62.183334351 62.172222137
70 53 2 0 11191 11189 37033 9 62.172222137 62.161109924
78 95 0 2 11189 11187 38292 6 62.161109924 62.150001526
68 91 2 0 11187 11168 40451 11 62.150001526 62.044445038
74 45 0 7 11168 11167 42250 9 62.044445038 62.038887024
64 54 2 0 11167 11158 45128 15 62.038887024 61.988887787
60 7 2 0 11158 11146 48547 18 61.988887787 61.922222137
58 34 0 6 11146 11135 52507 21 61.922222137 61.861110687
58 15 0 4 11135 11126 56826 23 61.861110687 61.811111450
60 16 2 0 11126 11108 60245 18 61.811111450 61.711112976
52 30 2 0 11108 11106 66544 34 61.711112976 61.700000763
72 33 0 5 11106 11083 67983 7 61.700000763 61.572223663
52 95 1 2 11083 11066 74279 34 61.572223663 61.477779388
46 94 0 1 11066 11065 82916 47 61.477779388 61.472221375
68 76 2 0 11065 11064 84894 10 61.472221375 61.466667175
98 96 0 2 11064 11061 85432 2 61.466667175 61.450000763
64 112 2 0 11061 11050 87950 13 61.450000763 61.388889313
36 74 0 0 11050 11046 102343 79 61.388889313 61.366664886
42 11 1 4 11046 11044 112417 55 61.366664886 61.355556488
35 102 1 1 11044 11042 127352 82 61.355556488 61.344444275
