SetMedian AvgDist: 95.41666 TotalDist: 8055
P 333343433434434434444545455455566556766676676676766777676777776555655555565556777770111111111111111111111111111111111111122221112112123232333
Mean AvgDist: 88.62778 TotalDist: 449365
P 333333333343443444454555555555565666667667677677677777777777665565555655555656677770111111111211112111121111121111121111211112222232232333
Time taken by program is : 33.77468sec
128 4 2 0 17175 17089 8595 1 95.416664124 94.938888550
122 5 0 3 17089 17072 9135 2 94.938888550 94.844444275
118 73 0 5 17072 17036 9675 2 94.844444275 94.644447327
98 56 1 7 17036 16950 10575 4 94.644447327 94.166664124
102 6 2 0 16950 16894 11475 4 94.166664124 93.855552673
96 84 2 0 16894 16837 12375 4 93.855552673 93.538887024
90 73 0 5 16837 16834 13815 7 93.538887024 93.522224426
90 35 2 0 16834 16751 15075 6 93.522224426 93.061111450
88 47 0 7 16751 16740 16335 6 93.061111450 93.000000000
88 85 2 0 16740 16701 17415 5 93.000000000 92.783332825
84 26 1 5 16701 16613 18675 6 92.783332825 92.294441223
79 49 1 7 16613 16539 20473 9 92.294441223 91.883331299
78 85 2 0 16539 16513 22271 9 91.883331299 91.738891602
72 8 2 0 16513 16475 24429 11 91.738891602 91.527778625
80 22 0 5 16475 16467 26048 8 91.527778625 91.483329773
82 9 2 0 16467 16444 27487 7 91.483329773 91.355552673
128 9 0 3 16444 16437 27847 1 91.355552673 91.316665649
68 119 2 0 16437 16401 30724 15 91.316665649 91.116668701
92 134 0 3 16401 16398 31803 5 91.116668701 91.099998474
64 53 1 7 16398 16378 35760 21 91.099998474 90.988891602
66 49 2 0 16378 16370 39537 20 90.988891602 90.944442749
62 128 1 2 16370 16309 44034 24 90.944442749 90.605552673
76 132 2 0 16309 16308 46191 11 90.605552673 90.599998474
64 129 0 3 16308 16303 49968 20 90.599998474 90.572219849
66 118 2 0 16303 16284 53565 19 90.572219849 90.466667175
58 75 1 6 16284 16257 58782 28 90.466667175 90.316665649
80 73 0 5 16257 16253 60760 10 90.316665649 90.294441223
58 30 1 5 16253 16221 65616 26 90.294441223 90.116668701
56 115 1 2 16221 16187 71192 30 90.116668701 89.927780151
54 74 2 0 16187 16181 76767 30 89.927780151 89.894447327
55 125 1 2 16181 16159 82704 32 89.894447327 89.772224426
55 23 1 5 16159 16145 88461 31 89.772224426 89.694442749
56 33 1 6 16145 16131 93677 28 89.694442749 89.616668701
51 43 1 7 16131 16119 99974 34 89.616668701 89.550003052
50 119 1 1 16119 16094 106990 38 89.550003052 89.411109924
51 111 1 2 16094 16091 113826 37 89.411109924 89.394447327
52 128 0 2 16091 16079 119223 29 89.394447327 89.327774048
80 129 2 0 16079 16072 120841 8 89.327774048 89.288887024
50 93 0 2 16072 16060 127317 35 89.288887024 89.222221375
50 69 1 6 16060 16029 134153 37 89.222221375 89.050003052
49 102 1 2 16029 16013 141528 40 89.050003052 88.961112976
47 125 1 2 16013 16010 149263 42 88.961112976 88.944442749
82 131 2 0 16010 16008 150881 8 88.944442749 88.933334351
49 108 1 2 16008 16000 158435 41 88.933334351 88.888885498
52 108 0 1 16000 15998 164552 33 88.888885498 88.877777100
52 116 1 1 15998 15995 169768 28 88.877777100 88.861114502
48 78 1 6 15995 15987 177323 41 88.861114502 88.816665649
47 115 1 2 15987 15983 185778 46 88.816665649 88.794441223
54 113 1 1 15983 15977 191354 30 88.794441223 88.761108398
45 130 1 3 15977 15970 201249 54 88.761108398 88.722221375
37 98 1 2 15970 15968 220494 106 88.722221375 88.711112976
50 102 0 1 15968 15967 227149 36 88.711112976 88.705558777
40 104 2 0 15967 15957 241359 78 88.705558777 88.650001526
26 61 1 6 15957 15953 281107 220 88.650001526 88.627777100
