SetMedian AvgDist: 133.31667 TotalDist: 8055
S 3333333344455456677707777777676766654343443344344344444454554555556556666676677677767777777777077707011111223333343443333333233232222111001007007007007077707707000111111122232232232333233
Mean AvgDist: 127.87778 TotalDist: 778377
S 333333333444455566777777777776767767665544434343434344444454554555556566666767767777777777777777770770000111112233334334334333333333233222211000007077077070707000011111111222223223233233233
Time taken by program is : 105.08241sec
502 0 0 3 23997 23991 8415 0 133.316665649 133.283340454
132 0 2 0 23991 23968 9493 5 133.283340454 133.155548096
132 76 0 7 23968 23953 10572 5 133.155548096 133.072219849
120 101 0 0 23953 23913 11831 6 133.072219849 132.850006104
120 29 0 7 23913 23864 13090 6 132.850006104 132.577774048
106 156 2 0 23864 23792 14529 7 132.577774048 132.177780151
130 187 0 3 23792 23790 15608 5 132.177780151 132.166671753
108 159 2 0 23790 23742 17047 7 132.166671753 131.899993896
106 39 2 0 23742 23703 18666 8 131.899993896 131.683334351
116 78 0 7 23703 23677 20105 7 131.683334351 131.538894653
104 30 0 7 23677 23655 21904 9 131.538894653 131.416671753
98 138 2 0 23655 23607 24063 11 131.416671753 131.149993896
98 121 0 3 23607 23580 26582 13 131.149993896 131.000000000
92 44 2 0 23580 23567 29820 17 131.000000000 130.927780151
92 156 2 0 23567 23561 32879 16 130.927780151 130.894439697
116 186 0 3 23561 23556 34499 8 130.894439697 130.866668701
94 174 2 0 23556 23545 37558 16 130.866668701 130.805557251
80 31 0 7 23545 23543 43137 30 130.805557251 130.794448853
88 21 2 0 23543 23526 46377 17 130.794448853 130.699996948
78 75 2 0 23526 23523 52496 33 130.699996948 130.683334351
98 78 0 7 23523 23519 55556 16 130.683334351 130.661117554
76 138 2 0 23519 23507 61854 34 130.661117554 130.594451904
84 121 0 3 23507 23483 67074 28 130.594451904 130.461105347
82 112 2 0 23483 23480 72293 28 130.461105347 130.444442749
84 118 0 3 23480 23469 77333 27 130.444442749 130.383331299
86 150 0 7 23469 23468 82373 27 130.383331299 130.377777100
80 145 2 0 23468 23459 87952 30 130.377777100 130.327774048
76 86 1 7 23459 23403 94250 34 130.327774048 130.016662598
76 140 2 0 23403 23382 100728 35 130.016662598 129.899993896
126 149 0 7 23382 23370 101988 6 129.899993896 129.833328247
68 153 0 7 23370 23368 110626 47 129.833328247 129.822219849
88 146 2 0 23368 23361 113866 17 129.822219849 129.783340454
84 151 0 7 23361 23360 119086 28 129.783340454 129.777770996
98 147 2 0 23360 23344 121246 11 129.777770996 129.688888550
64 33 0 7 23344 23328 132043 59 129.688888550 129.600006104
82 18 2 0 23328 23322 137623 30 129.600006104 129.566665649
60 14 1 5 23322 23271 148780 61 129.566665649 129.283340454
58 70 2 0 23271 23265 160296 63 129.283340454 129.250000000
58 129 2 0 23265 23262 171452 61 129.250000000 129.233337402
92 151 0 7 23262 23257 175232 20 129.233337402 129.205551147
72 138 2 0 23257 23224 182792 41 129.205551147 129.022216797
53 37 1 5 23224 23181 198624 87 129.022216797 128.783340454
52 102 1 0 23181 23149 215537 93 128.783340454 128.605560303
66 98 0 0 23149 23136 225435 54 128.605560303 128.533340454
70 96 2 0 23136 23121 234073 47 128.533340454 128.449996948
49 181 1 2 23121 23078 253505 107 128.449996948 128.211105347
60 133 0 3 23078 23077 265742 67 128.211105347 128.205551147
46 69 1 6 23077 23066 287334 119 128.205551147 128.144439697
49 81 1 7 23066 23064 306766 107 128.144439697 128.133331299
52 46 0 3 23064 23062 323679 93 128.133331299 128.122222900
78 39 2 0 23062 23060 329078 29 128.122222900 128.111114502
38 28 1 6 23060 23058 358046 160 128.111114502 128.100006104
112 28 0 7 23058 23054 360386 12 128.100006104 128.077774048
40 50 0 3 23054 23053 387014 147 128.077774048 128.072219849
94 41 2 0 23053 23048 390074 16 128.072219849 128.044448853
40 42 1 3 23048 23047 417781 153 128.044448853 128.038894653
36 160 1 0 23047 23040 450525 181 128.038894653 128.000000000
46 163 1 1 23040 23023 471936 118 128.000000000 127.905555725
32 12 1 4 23023 23020 509895 210 127.905555725 127.888885498
24 42 1 4 23020 23018 571967 344 127.888885498 127.877777100
