SetMedian AvgDist: 133.72223 TotalDist: 8055
T 33333333333333343345567777767777677767776655556555555556555655555555555555556777770001111111111112111111211111121200777776776707700111122333322333333333333332333
Mean AvgDist: 127.02778 TotalDist: 814399
T 33333333333334344555667677777777777777777766556555556555555655565655556555556677770111111111121112111112111211111110077777777777777770011112233333333333333332333332333
Time taken by program is : 87.12533sec
482 141 0 3 24070 24050 8955 3 133.722229004 133.611114502
420 142 0 3 24050 24040 9675 3 133.611114502 133.555557251
234 121 0 7 24040 23920 10935 6 133.555557251 132.888885498
206 21 0 7 23920 23903 12375 7 132.888885498 132.794448853
186 123 0 7 23903 23812 13815 7 132.794448853 132.288894653
164 124 0 7 23812 23758 15434 8 132.288894653 131.988891602
144 148 0 3 23758 23750 17233 9 131.988891602 131.944442749
144 0 2 0 23750 23740 19212 10 131.944442749 131.888885498
132 140 2 0 23740 23731 21551 12 131.888885498 131.838882446
158 147 0 3 23731 23722 23170 8 131.838882446 131.788894653
144 140 2 0 23722 23708 25149 10 131.788894653 131.711105347
108 124 0 7 23708 23681 29107 21 131.711105347 131.561111450
100 27 0 7 23681 23651 33785 25 131.561111450 131.394439697
88 43 2 0 23651 23635 40083 34 131.394439697 131.305557251
86 84 1 1 23635 23565 46561 35 131.305557251 130.916671753
86 16 0 4 23565 23544 53039 35 130.916671753 130.800003052
148 0 2 0 23544 23536 55197 11 130.800003052 130.755554199
82 28 0 7 23536 23527 62215 38 130.755554199 130.705551147
86 44 2 0 23527 23515 68873 36 130.705551147 130.638885498
81 125 1 7 23515 23446 75891 38 130.638885498 130.255554199
77 34 1 7 23446 23396 83448 41 130.255554199 129.977783203
74 128 2 0 23396 23361 91905 46 129.977783203 129.783340454
69 129 1 7 23361 23314 100722 48 129.783340454 129.522216797
68 38 1 7 23314 23294 110079 51 129.522216797 129.411117554
68 104 0 1 23294 23287 119436 51 129.411117554 129.372222900
74 112 2 0 23287 23248 127893 46 129.372222900 129.155548096
70 113 2 0 23248 23240 136891 49 129.155548096 129.111114502
104 105 0 1 23240 23206 142110 28 129.111114502 128.922225952
68 77 1 6 23206 23162 151827 53 128.922225952 128.677780151
68 106 0 1 23162 23160 161543 53 128.677780151 128.666671753
68 20 2 0 23160 23134 171799 56 128.666671753 128.522216797
90 41 0 7 23134 23125 178457 36 128.522216797 128.472229004
68 47 2 0 23125 23123 188173 53 128.472229004 128.461105347
64 144 2 0 23123 23107 198789 58 128.461105347 128.372222900
284 161 0 3 23107 23106 199689 4 128.372222900 128.366668701
60 16 1 5 23106 23093 210665 60 128.366668701 128.294448853
96 15 0 3 23093 23092 215883 28 128.294448853 128.288894653
60 29 1 7 23092 23078 227039 61 128.288894653 128.211105347
156 0 2 0 23078 23077 228838 9 128.211105347 128.205551147
68 21 2 0 23077 23076 238194 51 128.205551147 128.199996948
684 12 0 3 23076 23075 238554 1 128.199996948 128.194442749
50 64 1 6 23075 23044 253306 81 128.194442749 128.022216797
64 54 0 5 23044 23037 264102 59 128.022216797 127.983329773
54 83 1 1 23037 23032 276878 70 127.983329773 127.955558777
55 74 1 6 23032 23025 289656 70 127.955558777 127.916664124
47 103 1 2 23025 23006 305668 88 127.916664124 127.811111450
46 20 1 6 23006 22988 322400 92 127.811111450 127.711112976
55 18 1 5 22988 22943 334636 67 127.711112976 127.461112976
92 83 2 0 22943 22942 340214 30 127.461112976 127.455558777
62 15 0 4 22942 22937 350831 58 127.455558777 127.427780151
74 16 2 0 22937 22927 359469 47 127.427780151 127.372222900
42 90 0 2 22927 22920 376202 92 127.372222900 127.333335876
43 94 1 2 22920 22906 393656 96 127.333335876 127.255554199
70 90 2 0 22906 22903 403015 51 127.255554199 127.238891602
48 96 0 1 22903 22899 417947 82 127.238891602 127.216667175
37 52 1 6 22899 22895 440440 124 127.216667175 127.194442749
52 55 1 5 22895 22888 453395 71 127.194442749 127.155555725
46 63 1 6 22888 22883 468868 85 127.155555725 127.127777100
24 23 1 6 22883 22880 514930 255 127.127777100 127.111114502
59 74 1 5 22880 22879 526265 62 127.111114502 127.105552673
46 70 1 6 22879 22878 541917 86 127.105552673 127.099998474
18 157 1 2 22878 22872 603629 342 127.099998474 127.066665649
60 147 2 0 22872 22871 614605 60 127.066665649 127.061111450
306 156 0 3 22871 22865 615505 4 127.061111450 127.027778625
