SetMedian AvgDist: 179.05556 TotalDist: 8055
U 3333454456555546556656555656556555555542323322222221211111111111121212111223333455454555665555565656555555556556555545666777777011077677767777777700011011212111112112112112111111211211112
Mean AvgDist: 167.64444 TotalDist: 1406009
U 33344555555555556555656555655655655655565543222222121211212111211121111211112121223334455555556556555655565555556555555566677777001111111111111111211112111211211112111211112
Time taken by program is : 173.61435sec
148 121 2 0 32230 32132 10214 10 179.055557251 178.511108398
142 121 2 0 32132 32055 12554 12 178.511108398 178.083328247
144 121 2 0 32055 31995 14714 11 178.083328247 177.750000000
140 131 2 0 31995 31918 17054 12 177.750000000 177.322219849
138 128 2 0 31918 31852 19574 13 177.322219849 176.955551147
134 133 2 0 31852 31811 22274 14 176.955551147 176.727783203
132 133 2 0 31811 31765 25154 15 176.727783203 176.472229004
132 133 2 0 31765 31740 28034 15 176.472229004 176.333328247
126 128 2 0 31740 31722 30914 15 176.333328247 176.233337402
128 129 2 0 31722 31713 33614 14 176.233337402 176.183334351
122 121 2 0 31713 31703 36674 16 176.183334351 176.127777100
120 121 2 0 31703 31702 40093 18 176.127777100 176.122222900
116 32 0 6 31702 31636 44052 21 176.122222900 175.755554199
101 7 1 5 31636 31527 49631 30 175.755554199 175.149993896
98 127 2 0 31527 31515 55390 31 175.149993896 175.083328247
98 44 1 1 31515 31476 60789 29 175.083328247 174.866668701
98 43 0 1 31476 31473 66369 30 174.866668701 174.850006104
95 14 1 5 31473 31363 71769 29 174.850006104 174.238891602
102 38 0 6 31363 31339 77169 29 174.238891602 174.105560303
98 34 0 6 31339 31308 82569 29 174.105560303 173.933334351
92 46 1 1 31308 31287 88329 31 173.933334351 173.816665649
90 84 2 0 31287 31196 94269 32 173.816665649 173.311111450
84 87 1 5 31196 31124 100389 33 173.311111450 172.911117554
84 121 2 0 31124 31105 106869 35 172.911117554 172.805557251
98 125 1 3 31105 31103 111729 26 172.805557251 172.794448853
76 69 0 1 31103 31087 118929 39 172.794448853 172.705551147
76 128 2 0 31087 31085 126489 41 172.705551147 172.694442749
82 127 1 7 31085 31080 132969 35 172.694442749 172.666671753
105 126 1 6 31080 31041 137109 22 172.666671753 172.449996948
110 130 2 0 31041 31035 140889 20 172.449996948 172.416671753
108 124 2 0 31035 31025 145029 22 172.416671753 172.361114502
84 124 2 0 31025 30970 151148 33 172.361114502 172.055557251
92 134 0 1 30970 30969 156368 28 172.055557251 172.050003052
84 120 1 6 30969 30941 162128 31 172.050003052 171.894439697
108 125 2 0 30941 30938 165548 18 171.894439697 171.877777100
78 101 1 5 30938 30881 172747 39 171.877777100 171.561111450
76 92 2 0 30881 30827 179946 39 171.561111450 171.261108398
300 125 0 7 30827 30824 180666 3 171.261108398 171.244445801
106 127 2 0 30824 30823 184446 20 171.244445801 171.238891602
76 70 0 1 30823 30822 191106 36 171.238891602 171.233337402
88 45 2 0 30822 30811 196326 28 171.233337402 171.172225952
74 136 1 2 30811 30781 203526 39 171.172225952 171.005554199
74 130 0 7 30781 30778 210546 38 171.005554199 170.988891602
70 42 0 3 30778 30777 219186 47 170.988891602 170.983337402
88 46 2 0 30777 30763 224046 26 170.983337402 170.905548096
70 119 2 0 30763 30759 232505 46 170.905548096 170.883331299
130 122 0 7 30759 30756 235565 16 170.883331299 170.866668701
68 167 1 1 30756 30736 244563 49 170.866668701 170.755554199
68 53 1 1 30736 30722 254461 54 170.755554199 170.677780151
68 86 1 5 30722 30721 264360 54 170.677780151 170.672225952
72 83 1 4 30721 30689 272460 44 170.672225952 170.494445801
67 9 1 5 30689 30648 281640 50 170.494445801 170.266662598
76 15 0 5 30648 30634 289380 42 170.266662598 170.188888550
76 19 2 0 30634 30603 297120 42 170.188888550 170.016662598
86 38 0 6 30603 30598 303420 34 170.016662598 169.988891602
78 45 1 1 30598 30594 311160 42 169.988891602 169.966659546
66 152 1 1 30594 30568 321777 58 169.966659546 169.822219849
98 123 2 0 30568 30567 325917 22 169.822219849 169.816665649
102 127 2 0 30567 30566 329337 18 169.816665649 169.811111450
65 50 1 1 30566 30556 339776 57 169.811111450 169.755554199
63 6 1 5 30556 30539 351294 63 169.755554199 169.661117554
64 40 2 0 30539 30536 362092 59 169.661117554 169.644439697
70 36 0 6 30536 30535 370011 43 169.644439697 169.638885498
62 163 0 1 30535 30530 382068 66 169.638885498 169.611114502
59 66 1 2 30530 30491 395203 72 169.611114502 169.394439697
62 73 1 1 30491 30476 407439 67 169.394439697 169.311111450
58 3 1 4 30476 30443 421654 78 169.311111450 169.127777100
58 139 1 1 30443 30434 435149 74 169.127777100 169.077774048
104 124 2 0 30434 30430 438929 20 169.077774048 169.055557251
56 32 2 0 30430 30420 454222 84 169.055557251 169.000000000
62 19 0 5 30420 30395 466277 66 169.000000000 168.861114502
55 135 1 1 30395 30382 481391 83 168.861114502 168.788894653
76 129 0 7 30382 30381 489128 42 168.788894653 168.783340454
66 121 2 0 30381 30376 499565 57 168.783340454 168.755554199
57 77 1 2 30376 30361 513242 75 168.755554199 168.672225952
56 43 0 2 30361 30358 527097 76 168.672225952 168.655548096
102 126 2 0 30358 30357 531416 23 168.655548096 168.649993896
56 167 0 2 30357 30341 546174 81 168.649993896 168.561111450
60 125 2 0 30341 30335 558772 69 168.561111450 168.527770996
58 139 1 1 30335 30323 572449 75 168.527770996 168.461105347
55 70 1 2 30323 30319 587388 82 168.461105347 168.438888550
62 53 1 1 30319 30317 598367 60 168.438888550 168.427780151
58 43 0 3 30317 30315 611686 73 168.427780151 168.416671753
82 47 2 0 30315 30311 617806 33 168.416671753 168.394439697
56 63 1 2 30311 30278 632745 82 168.394439697 168.211105347
53 113 1 5 30278 30270 650204 96 168.211105347 168.166671753
56 131 1 2 30270 30268 664963 81 168.166671753 168.155548096
57 131 1 1 30268 30250 678462 74 168.155548096 168.055557251
54 116 2 0 30250 30249 695021 91 168.055557251 168.050003052
58 161 0 1 30249 30247 708520 74 168.050003052 168.038894653
48 157 1 2 30247 30243 730839 123 168.038894653 168.016662598
54 144 1 1 30243 30242 747578 92 168.016662598 168.011108398
52 136 1 2 30242 30241 765937 101 168.011108398 168.005554199
46 120 1 6 30241 30235 791676 142 168.005554199 167.972229004
53 145 1 2 30235 30233 809135 96 167.972229004 167.961105347
55 153 1 1 30233 30229 824794 86 167.961105347 167.938888550
46 59 1 2 30229 30220 851973 150 167.938888550 167.888885498
44 112 1 6 30220 30217 882392 168 167.888885498 167.872222900
51 154 1 2 30217 30215 900931 102 167.872222900 167.861114502
52 136 1 1 30215 30214 918030 94 167.861114502 167.855560303
38 48 1 2 30214 30207 961406 240 167.855560303 167.816665649
70 45 1 1 30207 30204 970226 48 167.816665649 167.800003052
82 45 2 0 30204 30200 977425 39 167.800003052 167.777770996
42 28 0 5 30200 30199 1009821 179 167.777770996 167.772216797
56 37 2 0 30199 30196 1024041 78 167.772216797 167.755554199
34 96 0 6 30196 30188 1073535 274 167.755554199 167.711105347
44 105 2 0 30188 30182 1102150 158 167.711105347 167.677780151
50 126 0 7 30182 30181 1123389 117 167.677780151 167.672225952
44 75 0 1 30181 30179 1152546 161 167.672225952 167.661117554
60 69 1 1 30179 30176 1165506 71 167.661117554 167.644439697
