SetMedian AvgDist: 129.46111 TotalDist: 8055
V 333345556565556556565555565656555555655665656655566766677770001111011011111111111111111001121123334445555555555555555555545542212112122112121121112112112111112111221
Mean AvgDist: 123.63889 TotalDist: 673816
V 333445555565656556656566556566555665566565656666777700101111111111111111111111111111111122333444555555555555555555555554221212122112121211212112112121121121
Time taken by program is : 62.96337sec
144 8 2 0 23303 23195 8955 3 129.461105347 128.861114502
146 86 0 1 23195 23172 9675 3 128.861114502 128.733337402
106 143 2 0 23172 23102 11114 7 128.733337402 128.344451904
108 140 2 0 23102 23041 12732 8 128.344451904 128.005554199
104 50 2 0 23041 22923 14530 9 128.005554199 127.349998474
104 9 2 0 22923 22865 16508 10 127.349998474 127.027778625
98 85 0 1 22865 22856 18486 10 127.027778625 126.977775574
96 56 2 0 22856 22828 20644 11 126.977775574 126.822219849
116 85 0 1 22828 22826 22262 8 126.822219849 126.811111450
94 5 2 0 22826 22786 24960 14 126.811111450 126.588890076
92 127 2 0 22786 22762 27838 15 126.588890076 126.455558777
90 85 2 0 22762 22704 30716 15 126.455558777 126.133331299
110 85 0 1 22704 22698 32154 7 126.133331299 126.099998474
88 86 2 0 22698 22662 35032 15 126.099998474 125.900001526
84 141 2 0 22662 22634 38810 20 125.900001526 125.744445801
84 11 2 0 22634 22625 42768 21 125.744445801 125.694442749
86 5 2 0 22625 22598 46366 19 125.694442749 125.544441223
84 59 0 1 22598 22592 50503 22 125.544441223 125.511108398
84 60 2 0 22592 22555 54461 21 125.511108398 125.305557251
82 5 2 0 22555 22542 59318 26 125.305557251 125.233329773
92 61 0 1 22542 22540 63095 20 125.233329773 125.222221375
78 62 2 0 22540 22524 68132 27 125.222221375 125.133331299
72 15 0 6 22524 22514 75509 40 125.133331299 125.077774048
84 5 2 0 22514 22504 80006 24 125.077774048 125.022224426
72 85 1 1 22504 22492 87923 43 125.022224426 124.955558777
78 115 0 5 22492 22491 93500 30 124.955558777 124.949996948
70 144 2 0 22491 22482 102497 49 124.949996948 124.900001526
66 55 0 0 22482 22478 112035 52 124.900001526 124.877777100
63 3 1 4 22478 22452 123192 61 124.877777100 124.733329773
64 27 1 6 22452 22404 132910 53 124.733329773 124.466667175
63 41 1 6 22404 22390 143528 58 124.466667175 124.388885498
84 12 2 0 22390 22389 147486 21 124.388885498 124.383331299
59 152 1 1 22389 22381 159904 68 124.383331299 124.338890076
58 28 1 6 22381 22378 172322 68 124.338890076 124.322219849
56 12 0 6 22378 22368 185100 70 124.322219849 124.266670227
54 17 1 6 22368 22348 200038 82 124.266670227 124.155555725
52 38 0 5 22348 22341 215516 85 124.155555725 124.116668701
56 45 0 5 22341 22339 228654 72 124.116668701 124.105552673
92 10 2 0 22339 22328 231532 15 124.105552673 124.044441223
74 18 2 0 22328 22323 238010 35 124.044441223 124.016670227
72 31 2 0 22323 22320 244848 37 124.016670227 124.000000000
58 10 0 6 22320 22316 257446 69 124.000000000 123.977775574
49 152 1 2 22316 22310 274004 91 123.977775574 123.944442749
49 33 1 6 22310 22308 290742 92 123.944442749 123.933334351
48 147 1 2 22308 22298 308200 96 123.933334351 123.877777100
46 117 1 5 22298 22286 327998 109 123.877777100 123.811111450
114 96 2 0 22286 22284 329796 9 123.811111450 123.800003052
44 88 1 2 22284 22278 351394 119 123.800003052 123.766670227
43 23 1 6 22278 22270 373532 122 123.766670227 123.722221375
32 153 0 1 22270 22266 414390 226 123.722221375 123.699996948
31 32 1 5 22266 22259 455607 228 123.699996948 123.661109924
42 18 1 6 22259 22255 479364 131 123.661109924 123.638885498
