SetMedian AvgDist: 153.85001 TotalDist: 8055
Z 3333333333333333333333333333434445546565566666666667666767655433333333333333333333333334334544555676777077077777777777777777777777777776777777777001111122122232232232322223222222200777777777777777677777700011112333
Mean AvgDist: 143.21666 TotalDist: 643956
Z 3333333333333333334333334445556566666666666666666666666554333333333333333333333333444555667777777777777777777777777777777767777777770011112122222222222222222222222222221077777777777777777777700111122323
Time taken by program is : 101.76565sec
184 0 2 0 27693 27587 9674 7 153.850006104 153.261108398
178 0 2 0 27587 27495 11113 7 153.261108398 152.750000000
172 0 2 0 27495 27418 12552 7 152.750000000 152.322219849
160 0 2 0 27418 27368 14352 9 152.322219849 152.044448853
150 99 2 0 27368 27241 16152 9 152.044448853 151.338882446
146 0 2 0 27241 27205 18132 10 151.338882446 151.138885498
142 57 2 0 27205 27149 20112 10 151.138885498 150.827774048
136 151 0 2 27149 27100 22271 11 150.827774048 150.555557251
152 152 0 2 27100 27071 24070 9 150.555557251 150.394439697
136 57 2 0 27071 27030 26228 11 150.394439697 150.166671753
132 0 2 0 27030 27017 28386 11 150.166671753 150.094451904
128 0 2 0 27017 27009 30724 12 150.094451904 150.050003052
126 30 0 6 27009 26984 33062 12 150.050003052 149.911117554
130 56 2 0 26984 26963 35220 11 149.911117554 149.794448853
128 56 2 0 26963 26951 37558 12 149.794448853 149.727783203
124 95 2 0 26951 26853 39896 12 149.727783203 149.183334351
130 90 2 0 26853 26821 42234 12 149.183334351 149.005554199
120 90 2 0 26821 26818 44752 13 149.005554199 148.988891602
112 146 0 2 26818 26793 48349 19 148.988891602 148.850006104
110 185 2 0 26793 26686 51946 19 148.850006104 148.255554199
98 23 0 3 26686 26682 56983 27 148.255554199 148.233337402
126 0 2 0 26682 26681 59501 13 148.233337402 148.227783203
96 153 2 0 26681 26613 64898 29 148.227783203 147.850006104
120 147 0 2 26613 26600 67596 14 147.850006104 147.777770996
92 49 0 6 26600 26556 73533 32 147.777770996 147.533340454
102 50 0 6 26556 26510 78210 25 147.533340454 147.277770996
108 51 0 6 26510 26497 82168 21 147.277770996 147.205551147
90 151 2 0 26497 26461 88465 34 147.205551147 147.005554199
98 157 0 2 26461 26450 93682 28 147.005554199 146.944442749
90 153 2 0 26450 26405 99439 31 146.944442749 146.694442749
108 157 0 2 26405 26397 103577 22 146.694442749 146.649993896
84 163 2 0 26397 26357 110233 36 146.649993896 146.427780151
78 80 1 3 26357 26317 118148 43 146.427780151 146.205551147
75 143 1 2 26317 26292 126422 45 146.205551147 146.066665649
76 158 2 0 26292 26289 135056 47 146.066665649 146.050003052
114 140 0 2 26289 26272 139373 23 146.050003052 145.955551147
74 54 1 6 26272 26181 148187 48 145.955551147 145.449996948
74 84 2 0 26181 26098 157000 48 145.449996948 144.988891602
110 90 2 0 26098 26096 161497 24 144.988891602 144.977783203
212 122 0 7 26096 26085 163475 10 144.977783203 144.916671753
70 45 1 6 26085 26044 172468 49 144.916671753 144.688888550
74 29 2 0 26044 26001 181101 47 144.688888550 144.449996948
70 170 2 0 26001 25979 190275 50 144.449996948 144.327774048
67 32 1 6 25979 25945 199809 52 144.327774048 144.138885498
67 28 1 5 25945 25874 208803 49 144.138885498 143.744445801
108 23 0 3 25874 25872 213657 26 143.744445801 143.733337402
130 0 2 0 25872 25871 216175 13 143.733337402 143.727783203
108 23 0 3 25871 25870 221209 27 143.727783203 143.722229004
136 0 2 0 25870 25869 223727 13 143.722229004 143.716659546
110 23 0 3 25869 25868 228221 24 143.716659546 143.711105347
64 52 2 0 25868 25832 238295 55 143.711105347 143.511108398
57 34 1 6 25832 25828 250348 66 143.511108398 143.488891602
53 192 1 1 25828 25806 263301 71 143.488891602 143.366668701
45 196 1 2 25806 25796 280211 93 143.366668701 143.311111450
30 168 1 1 25796 25792 312235 177 143.311111450 143.288894653
56 190 0 7 25792 25785 324288 66 143.288894653 143.250000000
14 200 1 2 25785 25779 410815 480 143.250000000 143.216659546
