SetMedian AvgDist: 122.54444 TotalDist: 2002
B 333343323433333343454545556655566655544444455555565665666676776776777777777776777777777707777701111111121111112121121111212111111222111232333233333
Mean AvgDist: 114.48889 TotalDist: 378947
B 33333333334343444455455555655666655544444455545555555656666667676776777777777777777777777777770011111111121111112111211111112111111111111112222322323233
Time taken by program is : 36.19424sec
70 42 0 5 11029 10969 2452 3 122.544441223 121.877777100
60 43 0 5 10969 10945 2902 4 121.877777100 121.611114502
60 7 2 0 10945 10889 3441 5 121.611114502 120.988891602
50 4 2 0 10889 10861 4695 13 120.988891602 120.677780151
358 0 0 3 10861 10856 4785 0 120.677780151 120.622222900
47 79 1 7 10856 10817 6307 16 120.622222900 120.188888550
46 22 0 5 10817 10798 8007 18 120.188888550 119.977775574
52 0 2 0 10798 10791 8902 9 119.977775574 119.900001526
54 0 2 0 10791 10785 9708 8 119.900001526 119.833335876
42 67 2 0 10785 10780 11586 20 119.833335876 119.777778625
41 131 1 1 10780 10749 13554 21 119.777778625 119.433334351
42 115 0 1 10749 10716 15522 21 119.433334351 119.066665649
40 123 1 1 10716 10684 17133 17 119.066665649 118.711112976
40 41 0 4 10684 10661 18565 15 118.711112976 118.455558777
40 44 0 5 10661 10650 19997 15 118.455558777 118.333335876
38 139 2 0 10650 10647 21966 21 118.333335876 118.300003052
52 140 0 2 10647 10618 23399 15 118.300003052 117.977775574
44 141 0 2 10618 10607 24742 14 117.977775574 117.855552673
36 29 1 6 10607 10598 26980 24 117.855552673 117.755554199
37 132 1 1 10598 10564 28948 21 117.755554199 117.377777100
42 142 0 2 10564 10552 30468 16 117.377777100 117.244445801
42 143 2 0 10552 10536 32077 17 117.244445801 117.066665649
34 63 2 0 10536 10533 34672 28 117.066665649 117.033332825
32 117 0 1 10533 10528 37448 30 117.033332825 116.977775574
36 146 2 0 10528 10526 39419 21 116.977775574 116.955558777
36 118 0 1 10526 10513 41480 22 116.955558777 116.811111450
38 119 0 1 10513 10506 43003 16 116.811111450 116.733329773
32 12 0 4 10506 10494 46137 34 116.733329773 116.599998474
36 8 2 0 10494 10484 48018 20 116.599998474 116.488891602
31 56 1 6 10484 10476 51332 36 116.488891602 116.400001526
34 68 2 0 10476 10474 53840 27 116.400001526 116.377777100
30 26 1 5 10474 10461 57781 43 116.377777100 116.233329773
32 13 0 4 10461 10450 61004 35 116.233329773 116.111114502
32 16 2 0 10450 10433 64047 33 116.111114502 115.922225952
90 7 0 3 10433 10432 64405 3 115.922225952 115.911109924
30 53 0 5 10432 10426 67987 39 115.911109924 115.844444275
31 22 1 5 10426 10421 71210 35 115.844444275 115.788887024
38 8 0 3 10421 10419 73628 26 115.788887024 115.766670227
36 9 2 0 10419 10410 76136 27 115.766670227 115.666664124
30 56 2 0 10410 10405 79987 42 115.666664124 115.611114502
62 89 0 7 10405 10401 80614 6 115.611114502 115.566665649
30 112 2 0 10401 10396 84737 45 115.566665649 115.511108398
26 149 1 2 10396 10385 91104 70 115.511108398 115.388885498
26 135 1 1 10385 10372 96663 61 115.388885498 115.244445801
25 90 1 7 10372 10368 103211 72 115.244445801 115.199996948
24 95 1 0 10368 10352 111465 91 115.199996948 115.022224426
21 145 1 2 10352 10349 121155 107 115.022224426 114.988891602
25 144 1 3 10349 10348 127344 68 114.988891602 114.977775574
26 146 0 2 10348 10346 132814 60 114.977775574 114.955558777
24 106 2 0 10346 10341 140978 90 114.955558777 114.900001526
20 15 1 4 10341 10328 151388 115 114.900001526 114.755554199
18 116 1 2 10328 10327 165209 153 114.755554199 114.744445801
30 119 1 1 10327 10314 168973 41 114.744445801 114.599998474
18 10 1 4 10314 10310 184322 170 114.599998474 114.555557251
14 27 2 0 10310 10309 206957 251 114.555557251 114.544441223
14 21 0 4 10309 10308 230488 261 114.544441223 114.533332825
18 19 2 0 10308 10307 244850 159 114.533332825 114.522224426
6 104 0 1 10307 10304 295844 567 114.522224426 114.488891602
