SetMedian AvgDist: 106.31111 TotalDist: 2002
D 333333333434334343444444444545545455455555555555655566555666566766766767777677777770777777777777770011112112111112212111112121211111221110010111112122233
Mean AvgDist: 98.60000 TotalDist: 157325
D 33333333343343434344444444545545455555555555556566656666666766767767777777777777777777770011111112112112112111112111211111121111111111222
Time taken by program is : 12.32729sec
68 137 2 0 9568 9505 2362 2 106.311111450 105.611114502
68 0 2 0 9505 9471 2632 2 105.611114502 105.233329773
60 136 2 0 9471 9425 3081 4 105.233329773 104.722221375
60 82 2 0 9425 9340 3530 4 104.722221375 103.777778625
48 70 2 0 9340 9295 4069 5 103.777778625 103.277778625
48 146 2 0 9295 9252 4788 7 103.277778625 102.800003052
46 8 2 0 9252 9221 5597 8 102.800003052 102.455558777
48 0 2 0 9221 9214 6316 7 102.455558777 102.377777100
44 51 2 0 9214 9156 7305 10 102.377777100 101.733329773
44 67 2 0 9156 9128 8204 9 101.733329773 101.422225952
42 97 2 0 9128 9112 9283 11 101.422225952 101.244445801
38 51 2 0 9112 9071 10812 16 101.244445801 100.788887024
56 8 0 3 9071 9068 11082 2 100.788887024 100.755554199
36 27 2 0 9068 9036 12611 16 100.755554199 100.400001526
34 49 2 0 9036 9031 14410 19 100.400001526 100.344444275
34 128 2 0 9031 9003 16299 20 100.344444275 100.033332825
35 104 1 1 9003 8988 18189 20 100.033332825 99.866668701
32 114 1 1 8988 8971 20709 27 99.866668701 99.677780151
34 138 2 0 8971 8970 22779 22 99.677780151 99.666664124
32 57 2 0 8970 8958 25029 24 99.666664124 99.533332825
38 54 1 6 8958 8942 27009 21 99.533332825 99.355552673
32 121 2 0 8942 8931 29619 28 99.355552673 99.233329773
44 120 0 2 8931 8926 30969 14 99.233329773 99.177780151
32 48 1 6 8926 8917 33939 32 99.177780151 99.077774048
32 51 2 0 8917 8903 36999 33 99.077774048 98.922225952
26 119 1 1 8903 8894 42129 56 98.922225952 98.822219849
30 131 2 0 8894 8890 45099 32 98.822219849 98.777778625
30 94 0 2 8890 8889 48879 41 98.777778625 98.766670227
36 94 0 1 8889 8887 51309 26 98.766670227 98.744445801
30 95 2 0 8887 8884 54729 37 98.744445801 98.711112976
26 17 0 3 8884 8883 59679 54 98.711112976 98.699996948
23 100 1 2 8883 8882 66969 80 98.699996948 98.688888550
30 34 1 5 8882 8881 70209 35 98.688888550 98.677780151
29 48 1 6 8881 8880 73719 38 98.677780151 98.666664124
26 32 2 0 8880 8876 78399 51 98.666664124 98.622222900
24 29 0 5 8876 8874 83799 59 98.622222900 98.599998474
