SetMedian AvgDist: 144.06667 TotalDist: 2002
F 333333333333344556656700077776777776677776776676555665555555433333323333333333333333344567767777777767777767777777676655556565655565565565567770111112111112121121112112111121111121111112111111222332333332332333333
Mean AvgDist: 130.04445 TotalDist: 493840
F 333333333444555667777677777777767777777677666555555543333333333333333333444556676777776777777777777777665565565555656556677770111111111211111111112111121111112111111212233333233233332333333
Time taken by program is : 67.60230sec
86 0 2 0 12966 12930 2362 2 144.066665649 143.666671753
80 0 2 0 12930 12899 2632 2 143.666671753 143.322219849
80 0 2 0 12899 12876 2992 3 143.322219849 143.066665649
76 58 2 0 12876 12825 3442 4 143.066665649 142.500000000
78 58 2 0 12825 12784 4072 6 142.500000000 142.044448853
72 19 2 0 12784 12718 4702 6 142.044448853 141.311111450
72 57 2 0 12718 12687 5332 6 141.311111450 140.966659546
66 0 2 0 12687 12684 5962 6 140.966659546 140.933334351
64 18 2 0 12684 12636 6592 6 140.933334351 140.399993896
64 80 2 0 12636 12585 7312 7 140.399993896 139.833328247
62 139 2 0 12585 12528 8032 7 139.833328247 139.199996948
62 42 2 0 12528 12489 8842 8 139.199996948 138.766662598
60 107 2 0 12489 12426 9652 8 138.766662598 138.066665649
60 18 2 0 12426 12397 10462 8 138.066665649 137.744445801
60 22 0 7 12397 12384 11452 10 137.744445801 137.600006104
58 42 2 0 12384 12350 12352 9 137.600006104 137.222229004
54 57 2 0 12350 12344 13522 12 137.222229004 137.155548096
52 23 0 7 12344 12334 15052 16 137.155548096 137.044448853
48 57 2 0 12334 12332 16672 17 137.044448853 137.022216797
52 77 2 0 12332 12286 18202 16 137.022216797 136.511108398
52 78 2 0 12286 12271 19822 17 136.511108398 136.344451904
66 74 0 5 12271 12269 20722 9 136.344451904 136.322219849
50 30 2 0 12269 12234 22252 16 136.322219849 135.933334351
52 24 0 7 12234 12232 23962 18 135.933334351 135.911117554
48 129 2 0 12232 12183 25852 20 135.911117554 135.366668701
48 43 2 0 12183 12178 27742 20 135.366668701 135.311111450
44 137 2 0 12178 12140 30352 28 135.311111450 134.888885498
44 39 2 0 12140 12125 32512 23 134.888885498 134.722229004
48 31 0 7 12125 12118 34222 18 134.722229004 134.644439697
40 122 1 7 12118 12074 37191 32 134.644439697 134.155548096
40 128 2 0 12074 12061 39980 30 134.155548096 134.011108398
40 144 2 0 12061 12040 42950 32 134.011108398 133.777770996
42 128 2 0 12040 12023 45560 28 133.777770996 133.588882446
108 184 0 3 12023 12022 46010 4 133.588882446 133.577774048
108 185 0 3 12022 12018 46370 3 133.577774048 133.533340454
39 123 1 7 12018 12010 49790 37 133.533340454 133.444442749
38 106 2 0 12010 11980 53390 39 133.444442749 133.111114502
38 135 2 0 11980 11946 56900 38 133.111114502 132.733337402
36 103 2 0 11946 11928 60590 40 132.733337402 132.533340454
38 126 2 0 11928 11927 64010 37 132.533340454 132.522216797
34 71 0 4 11927 11923 68150 45 132.522216797 132.477783203
34 121 1 6 11923 11901 72470 47 132.477783203 132.233337402
32 71 1 3 11901 11898 76880 48 132.233337402 132.199996948
32 15 1 7 11898 11889 81380 49 132.199996948 132.100006104
42 15 2 0 11889 11873 84080 29 132.100006104 131.922225952
30 119 2 0 11873 11849 89030 54 131.922225952 131.655548096
30 39 2 0 11849 11846 94340 58 131.655548096 131.622222900
66 9 0 3 11846 11845 95330 10 131.622222900 131.611114502
50 25 0 7 11845 11843 97400 22 131.611114502 131.588882446
58 0 2 0 11843 11840 98570 12 131.588882446 131.555557251
30 25 1 7 11840 11828 103790 57 131.555557251 131.422225952
30 71 0 4 11828 11826 109280 60 131.422225952 131.399993896
31 75 1 5 11826 11809 114410 56 131.399993896 131.211105347
28 92 1 7 11809 11800 120440 66 131.211105347 131.111114502
34 72 2 0 11800 11797 124850 48 131.111114502 131.077774048
30 37 0 7 11797 11795 130340 60 131.077774048 131.055557251
40 16 2 0 11795 11791 133490 34 131.055557251 131.011108398
38 37 0 7 11791 11789 137000 38 131.011108398 130.988891602
32 39 2 0 11789 11786 141860 53 130.988891602 130.955551147
28 106 1 5 11786 11784 147980 67 130.955551147 130.933334351
27 105 1 6 11784 11776 154370 70 130.933334351 130.844451904
27 13 1 5 11776 11767 160580 68 130.844451904 130.744445801
27 99 1 7 11767 11766 166790 68 130.744445801 130.733337402
24 146 2 0 11766 11755 174170 81 130.733337402 130.611114502
29 140 1 1 11755 11744 179840 62 130.611114502 130.488891602
18 21 1 6 11744 11741 192710 142 130.488891602 130.455551147
40 38 0 7 11741 11737 195950 35 130.455551147 130.411117554
40 16 2 0 11737 11734 199190 35 130.411117554 130.377777100
16 73 1 4 11734 11728 216560 192 130.377777100 130.311111450
26 112 1 5 11728 11727 223310 74 130.311111450 130.300003052
24 113 1 6 11727 11720 231320 88 130.300003052 130.222229004
16 80 0 6 11720 11717 249680 203 130.222229004 130.188888550
52 78 2 0 11717 11715 251570 20 130.188888550 130.166671753
15 172 1 2 11715 11709 271820 224 130.166671753 130.100006104
12 11 0 4 11709 11706 299629 308 130.100006104 130.066665649
2 166 0 1 11706 11705 389041 993 130.066665649 130.055557251
21 171 1 3 11705 11704 400291 124 130.055557251 130.044448853
