SetMedian AvgDist: 188.78889 TotalDist: 2002
G 333333333334445666677767777777766766677676677666666565555565555433333333333233232220707777701111222323333343333333323323334344545566777776777655655676676667677767776767777777777707007011011111111121111112122112223223223323323223322323233
Mean AvgDist: 173.94444 TotalDist: 963421
G 3333333434445555555667677777777677667666666656665655655555554443333333333332322207777701111223333333333333333333343445555666767766565556666766776777767777777777777777070000010111111111111211111122121222222122222222322323233
Time taken by program is : 181.37988sec
114 13 0 5 16991 16949 2362 2 188.788894653 188.322219849
74 14 0 5 16949 16925 2902 5 188.322219849 188.055557251
74 86 2 0 16925 16894 3532 6 188.055557251 187.711105347
74 87 2 0 16894 16889 4252 7 187.711105347 187.655548096
72 0 2 0 16889 16858 5242 10 187.655548096 187.311111450
76 11 0 5 16858 16854 5872 6 187.311111450 187.266662598
66 85 2 0 16854 16851 7042 12 187.266662598 187.233337402
66 0 2 0 16851 16832 8212 12 187.233337402 187.022216797
60 76 2 0 16832 16820 9742 16 187.022216797 186.888885498
56 89 2 0 16820 16811 11722 21 186.888885498 186.788894653
54 211 2 0 16811 16748 13792 22 186.788894653 186.088882446
62 208 2 0 16748 16699 15412 17 186.088882446 185.544448853
54 212 2 0 16699 16647 17482 22 185.544448853 184.966659546
53 162 1 7 16647 16594 19552 22 184.966659546 184.377777100
52 128 2 0 16594 16566 21622 22 184.377777100 184.066665649
52 20 2 0 16566 16543 23782 23 184.066665649 183.811111450
52 16 0 5 16543 16518 26212 26 183.811111450 183.533340454
50 128 2 0 16518 16502 28912 29 183.533340454 183.355560303
52 128 2 0 16502 16497 31072 23 183.355560303 183.300003052
50 128 2 0 16497 16483 33862 30 183.300003052 183.144439697
46 175 0 1 16483 16470 37102 35 183.144439697 183.000000000
46 209 2 0 16470 16435 40432 36 183.000000000 182.611114502
48 179 0 1 16435 16421 43762 36 182.611114502 182.455551147
46 180 0 1 16421 16420 47092 36 182.455551147 182.444442749
46 212 2 0 16420 16395 50602 38 182.444442749 182.166671753
44 102 2 0 16395 16357 54202 39 182.166671753 181.744445801
46 97 2 0 16357 16354 57622 37 181.744445801 181.711105347
44 10 2 0 16354 16348 61132 38 181.711105347 181.644439697
64 16 0 5 16348 16331 62662 16 181.644439697 181.455551147
66 0 2 0 16331 16328 64102 15 181.455551147 181.422225952
74 16 0 5 16328 16320 65362 13 181.422225952 181.333328247
48 10 2 0 16320 16315 67972 28 181.333328247 181.277770996
54 16 0 5 16315 16309 70222 24 181.277770996 181.211105347
44 44 2 0 16309 16251 74001 41 181.211105347 180.566665649
44 48 0 5 16251 16250 77601 39 180.566665649 180.555557251
42 21 2 0 16250 16233 81381 41 180.555557251 180.366668701
41 120 1 5 16233 16207 85431 44 180.366668701 180.077774048
41 95 1 3 16207 16177 89661 46 180.077774048 179.744445801
42 111 2 0 16177 16152 93891 46 179.744445801 179.466659546
48 108 0 3 16152 16146 96951 33 179.466659546 179.399993896
40 31 2 0 16146 16120 101361 48 179.399993896 179.111114502
44 51 0 5 16120 16117 105501 45 179.111114502 179.077774048
39 171 1 0 16117 16075 110271 52 179.077774048 178.611114502
38 109 2 0 16075 16056 114951 51 178.611114502 178.399993896
38 213 2 0 16056 16042 119811 53 178.399993896 178.244445801
38 219 0 3 16042 16035 124851 55 178.244445801 178.166671753
42 208 2 0 16035 16018 129171 47 178.166671753 177.977783203
38 23 2 0 16018 16012 133851 51 177.977783203 177.911117554
78 11 0 5 16012 16011 135111 13 177.911117554 177.899993896
38 91 2 0 16011 16001 139791 51 177.899993896 177.788894653
38 201 0 1 16001 15996 144381 50 177.788894653 177.733337402
36 18 2 0 15996 15984 150321 65 177.733337402 177.600006104
36 18 2 0 15984 15978 156081 63 177.600006104 177.533340454
60 84 0 0 15978 15977 157791 18 177.533340454 177.522216797
36 130 0 5 15977 15976 163191 59 177.522216797 177.511108398
36 31 2 0 15976 15955 169221 66 177.511108398 177.277770996
50 18 0 5 15955 15952 172461 35 177.277770996 177.244445801
36 32 2 0 15952 15949 178311 64 177.244445801 177.211105347
132 59 0 4 15949 15948 178671 3 177.211105347 177.199996948
90 60 0 4 15948 15943 179571 9 177.199996948 177.144439697
50 63 2 0 15943 15939 182721 34 177.144439697 177.100006104
44 10 2 0 15939 15934 186591 42 177.100006104 177.044448853
48 18 0 5 15934 15933 189831 35 177.044448853 177.033340454
34 151 1 7 15933 15919 196491 73 177.033340454 176.877777100
33 176 1 1 15919 15902 203511 77 176.877777100 176.688888550
31 39 1 6 15902 15883 211341 86 176.688888550 176.477783203
32 34 0 6 15883 15882 218811 82 176.477783203 176.466659546
36 51 2 0 15882 15879 224661 64 176.466659546 176.433334351
30 135 2 0 15879 15865 233031 92 176.433334351 176.277770996
28 55 1 5 15865 15852 242300 102 176.277770996 176.133331299
48 59 2 0 15852 15849 245720 37 176.133331299 176.100006104
28 119 0 5 15849 15845 255169 104 176.100006104 176.055557251
28 37 1 6 15845 15840 264798 106 176.055557251 176.000000000
48 30 0 7 15840 15838 267948 34 176.000000000 175.977783203
30 31 2 0 15838 15830 275418 82 175.977783203 175.888885498
27 140 1 7 15830 15818 285947 116 175.888885498 175.755554199
27 200 1 2 15818 15816 296475 116 175.755554199 175.733337402
27 197 1 2 15816 15813 307273 119 175.733337402 175.699996948
28 172 1 0 15813 15791 317080 108 175.699996948 175.455551147
30 169 1 0 15791 15776 325629 94 175.455551147 175.288894653
25 146 1 7 15776 15773 337955 136 175.288894653 175.255554199
25 119 1 6 15773 15769 349831 131 175.255554199 175.211105347
34 124 2 0 15769 15763 356761 76 175.211105347 175.144439697
24 190 1 2 15763 15758 368907 134 175.144439697 175.088882446
44 190 0 1 15758 15757 373587 51 175.088882446 175.077774048
38 216 2 0 15757 15751 378987 59 175.077774048 175.011108398
25 208 1 2 15751 15748 390683 129 175.011108398 174.977783203
23 83 1 7 15748 15741 404179 149 174.977783203 174.899993896
22 60 1 4 15741 15719 418845 162 174.899993896 174.655548096
58 47 0 5 15719 15718 421095 24 174.655548096 174.644439697
21 203 1 1 15718 15712 436750 173 174.644439697 174.577774048
21 196 1 1 15712 15710 452225 171 174.577774048 174.555557251
28 197 1 2 15710 15705 461492 102 174.555557251 174.500000000
20 126 0 6 15705 15702 478137 184 174.500000000 174.466659546
24 127 2 0 15702 15701 490822 140 174.466659546 174.455551147
21 90 1 1 15701 15692 507196 181 174.455551147 174.355560303
32 112 0 3 15692 15691 515204 88 174.355560303 174.344451904
23 44 1 6 15691 15690 528879 151 174.344451904 174.333328247
30 44 0 5 15690 15686 538148 102 174.333328247 174.288894653
44 10 2 0 15686 15685 542648 49 174.288894653 174.277770996
38 52 2 0 15685 15684 548227 61 174.277770996 174.266662598
26 7 0 4 15684 15679 558843 117 174.266662598 174.211105347
26 36 2 0 15679 15677 570539 129 174.211105347 174.188888550
30 32 0 7 15677 15676 578998 93 174.188888550 174.177780151
22 30 0 6 15676 15675 593213 157 174.177780151 174.166671753
32 31 2 0 15675 15673 601402 90 174.166671753 174.144439697
19 134 1 6 15673 15669 620475 211 174.144439697 174.100006104
18 30 0 7 15669 15668 641529 233 174.100006104 174.088882446
15 131 1 6 15668 15667 669421 309 174.088882446 174.077774048
16 93 0 2 15667 15666 694611 279 174.077774048 174.066665649
52 94 2 0 15666 15663 697491 31 174.066665649 174.033340454
32 35 2 0 15663 15662 704781 80 174.033340454 174.022216797
27 130 1 5 15662 15661 715667 120 174.022216797 174.011108398
8 127 0 7 15661 15659 771989 625 174.011108398 173.988891602
17 131 1 6 15659 15657 794843 253 173.988891602 173.966659546
11 149 1 6 15657 15656 836681 464 173.966659546 173.955551147
25 133 1 5 15656 15655 849187 138 173.955551147 173.944442749
