SetMedian AvgDist: 185.36667 TotalDist: 2002
H 334465546554655556556554655565556555655565556565677701111111121112110777777677777076765565556655666567770111121112121112211211112112111111112233454446555655555433333333333333222211111121121111111112
Mean AvgDist: 169.54445 TotalDist: 691965
H 33344555555556555555555555555565556565566655555556555555565667770011111112112111100777777777777765656565555655556667777011111121111211121111112121112111111121112233445555555565555543333333333332211211111211111111112
Time taken by program is : 123.40574sec
190 0 0 3 16683 16582 2272 1 185.366668701 184.244445801
94 111 0 1 16582 16531 2989 7 184.244445801 183.677780151
78 180 0 1 16531 16519 3886 9 183.677780151 183.544448853
74 150 0 5 16519 16492 4963 11 183.544448853 183.244445801
74 112 0 1 16492 16455 6130 12 183.244445801 182.833328247
78 113 0 1 16455 16424 7028 9 182.833328247 182.488891602
72 155 0 5 16424 16392 8106 11 182.488891602 182.133331299
70 156 0 5 16392 16384 9184 11 182.133331299 182.044448853
68 114 0 1 16384 16373 10262 11 182.044448853 181.922225952
64 115 0 1 16373 16366 11250 10 181.922225952 181.844451904
60 170 2 0 16366 16334 12508 13 181.844451904 181.488891602
58 25 0 6 16334 16319 13856 14 181.488891602 181.322219849
70 5 0 5 16319 16293 14845 10 181.322219849 181.033340454
57 10 1 5 16293 16231 16371 16 181.033340454 180.344451904
52 154 2 0 16231 16190 18077 18 180.344451904 179.888885498
68 160 0 5 16190 16183 19156 11 179.888885498 179.811111450
54 172 2 0 16183 16166 20772 17 179.811111450 179.622222900
52 14 0 5 16166 16149 22658 20 179.622222900 179.433334351
76 6 0 5 16149 16128 23466 8 179.433334351 179.199996948
106 4 0 5 16128 16122 23914 4 179.199996948 179.133331299
54 158 2 0 16122 16103 25261 14 179.133331299 178.922225952
54 174 2 0 16103 16095 26609 14 178.922225952 178.833328247
54 8 1 5 16095 16040 28226 17 178.833328247 178.222229004
53 3 1 4 16040 15990 30112 20 178.222229004 177.666671753
52 5 0 5 15990 15965 31999 20 177.666671753 177.388885498
56 175 2 0 15965 15964 33526 16 177.388885498 177.377777100
50 35 0 6 15964 15940 35593 22 177.377777100 177.111114502
46 165 2 0 15940 15929 38110 27 177.111114502 176.988891602
82 168 0 5 15929 15922 39188 11 176.988891602 176.911117554
46 158 2 0 15922 15900 41525 25 176.911117554 176.666671753
44 6 1 5 15900 15864 44132 28 176.666671753 176.266662598
43 18 1 5 15864 15822 46829 29 176.266662598 175.800003052
60 31 0 5 15822 15817 48807 21 175.800003052 175.744445801
60 32 0 5 15817 15803 50245 15 175.744445801 175.588882446
56 33 0 5 15803 15798 52491 24 175.588882446 175.533340454
42 87 1 7 15798 15769 56896 48 175.533340454 175.211105347
44 108 0 5 15769 15745 60941 44 175.211105347 174.944442749
52 100 0 5 15745 15740 63368 26 174.944442749 174.888885498
54 93 2 0 15740 15686 65705 25 174.888885498 174.288894653
44 73 0 1 15686 15672 69659 43 174.288894653 174.133331299
36 110 0 5 15672 15665 76311 73 174.133331299 174.055557251
48 82 2 0 15665 15663 78826 27 174.055557251 174.033340454
34 104 1 5 15663 15642 85927 78 174.033340454 173.800003052
34 113 2 0 15642 15606 93029 78 173.800003052 173.399993896
72 96 0 5 15606 15605 94469 15 173.399993896 173.388885498
42 114 1 7 15605 15583 98422 43 173.388885498 173.144439697
34 95 2 0 15583 15573 104894 71 173.144439697 173.033340454
40 74 0 1 15573 15571 109117 46 173.033340454 173.011108398
33 52 1 5 15571 15563 116487 81 173.011108398 172.922225952
32 24 1 5 15563 15526 123858 81 172.922225952 172.511108398
34 10 1 5 15526 15512 130422 72 172.511108398 172.355560303
44 4 2 0 15512 15505 133656 35 172.355560303 172.277770996
44 33 0 5 15505 15503 136891 35 172.277770996 172.255554199
32 138 2 0 15503 15500 144262 81 172.255554199 172.222229004
48 128 0 1 15500 15498 146959 29 172.222229004 172.199996948
40 139 0 1 15498 15496 151454 49 172.199996948 172.177780151
46 119 2 0 15496 15493 154690 35 172.177780151 172.144439697
31 26 1 5 15493 15475 162689 88 172.144439697 171.944442749
32 59 2 0 15475 15452 170330 84 171.944442749 171.688888550
32 34 1 6 15452 15414 177791 82 171.688888550 171.266662598
30 204 2 0 15414 15408 186327 94 171.266662598 171.199996948
36 189 0 3 15408 15406 193336 77 171.199996948 171.177780151
40 190 2 0 15406 15405 198367 55 171.177780151 171.166671753
31 203 1 1 15405 15396 207083 96 171.166671753 171.066665649
36 201 2 0 15396 15390 214271 79 171.066665649 171.000000000
32 193 0 1 15390 15386 222357 89 171.000000000 170.955551147
42 195 2 0 15386 15381 226851 49 170.955551147 170.899993896
28 142 2 0 15381 15379 236193 103 170.899993896 170.877777100
46 127 0 1 15379 15374 240147 43 170.877777100 170.822219849
28 78 2 0 15374 15366 249488 103 170.822219849 170.733337402
82 171 0 5 15366 15364 250118 6 170.733337402 170.711105347
44 161 2 0 15364 15362 253893 41 170.711105347 170.688888550
26 44 1 5 15362 15361 263773 109 170.688888550 170.677780151
26 29 1 5 15361 15360 273564 108 170.677780151 170.666671753
24 97 1 6 15360 15350 286503 143 170.666671753 170.555557251
24 18 1 5 15350 15340 299262 141 170.555557251 170.444442749
22 30 1 6 15340 15339 312564 147 170.444442749 170.433334351
28 35 0 5 15339 15338 321464 98 170.433334351 170.422225952
24 54 1 6 15338 15335 333780 136 170.422225952 170.388885498
20 190 0 3 15335 15334 350686 187 170.388885498 170.377777100
20 93 0 6 15334 15333 368762 200 170.377777100 170.366668701
34 93 1 7 15333 15320 375860 78 170.366668701 170.222229004
20 155 1 2 15320 15317 393576 196 170.222229004 170.188888550
25 135 1 1 15317 15314 405083 127 170.188888550 170.155548096
20 40 1 6 15314 15306 422169 189 170.155548096 170.066665649
29 54 1 5 15306 15303 431427 102 170.066665649 170.033340454
20 141 2 0 15303 15300 449411 199 170.033340454 170.000000000
28 125 0 2 15300 15299 458761 103 170.000000000 169.988891602
24 150 1 1 15299 15298 471526 141 169.988891602 169.977783203
19 4 1 4 15298 15273 490320 208 169.977783203 169.699996948
18 80 1 0 15273 15269 512437 245 169.699996948 169.655548096
14 73 0 2 15269 15266 544186 352 169.655548096 169.622222900
16 65 1 0 15266 15259 570809 295 169.622222900 169.544448853
