SetMedian AvgDist: 103.50000 TotalDist: 2002
I 3334445565555555555555655565556555555565555655556566777770101112121111121112112111111111111112111011121223
Mean AvgDist: 101.34444 TotalDist: 199309
I 33334455555565565555565556555655655556555565565656667777701111112211111211121112111121111211211111111212
Time taken by program is : 9.70085sec
56 8 2 0 9315 9299 4332 24 103.500000000 103.322219849
54 104 2 0 9299 9261 6658 25 103.322219849 102.900001526
44 96 2 0 9261 9231 9789 34 102.900001526 102.566665649
38 101 2 0 9231 9228 13452 40 102.566665649 102.533332825
50 62 0 1 9228 9224 15955 27 102.533332825 102.488891602
48 57 2 0 9224 9214 19083 34 102.488891602 102.377777100
72 56 0 7 9214 9209 20608 16 102.377777100 102.322219849
31 45 1 6 9209 9198 26058 60 102.322219849 102.199996948
27 91 1 2 9198 9194 32674 73 102.199996948 102.155555725
27 93 1 1 9194 9185 39022 70 102.155555725 102.055557251
28 88 1 2 9185 9182 45103 67 102.055557251 102.022224426
34 78 0 1 9182 9180 49491 48 102.022224426 102.000000000
40 51 2 0 9180 9177 52797 36 102.000000000 101.966667175
25 83 1 2 9177 9168 59860 78 101.966667175 101.866668701
26 62 1 1 9168 9161 65674 64 101.866668701 101.788887024
30 56 2 0 9161 9158 70685 55 101.788887024 101.755554199
34 63 0 1 9158 9156 75064 48 101.755554199 101.733329773
25 63 1 2 9156 9151 81232 68 101.733329773 101.677780151
24 15 1 6 9151 9140 87581 70 101.677780151 101.555557251
23 12 1 6 9140 9136 95091 83 101.555557251 101.511108398
126 3 0 3 9136 9131 95721 6 101.511108398 101.455558777
44 4 2 0 9131 9125 98403 29 101.455558777 101.388885498
18 32 1 6 9125 9124 111927 150 101.388885498 101.377777100
8 51 0 6 9124 9121 141687 331 101.377777100 101.344444275
