SetMedian AvgDist: 172.52222 TotalDist: 2002
J 333455543333333333445676776777767777655555655555655655555555655556655676777777777770777007077007001111123334444344334334333333221112111211111121111111110777767776777770101112233333332223333332222
Mean AvgDist: 158.68889 TotalDist: 530122
J 3333333334445556677767777777776555555555555555555555555555556566667677777777777777707707707000011111122333344434433433333333322221111111111111111101111007777777777777011111223333233323323
Time taken by program is : 73.27448sec
84 4 2 0 15527 15439 3442 14 172.522216797 171.544448853
100 4 2 0 15439 15349 4522 11 171.544448853 170.544448853
90 4 2 0 15349 15271 5692 12 170.544448853 169.677780151
82 172 2 0 15271 15246 6862 12 169.677780151 169.399993896
80 172 2 0 15246 15224 8122 13 169.399993896 169.155548096
84 172 2 0 15224 15204 9382 13 169.155548096 168.933334351
76 172 2 0 15204 15193 10822 15 168.933334351 168.811111450
74 172 2 0 15193 15183 12352 16 168.811111450 168.699996948
76 172 2 0 15183 15176 13882 16 168.699996948 168.622222900
72 3 2 0 15176 15131 15412 16 168.622222900 168.122222900
72 93 0 1 15131 15094 17032 17 168.122222900 167.711105347
62 3 2 0 15094 15065 18922 20 167.711105347 167.388885498
60 0 2 0 15065 15042 20812 20 167.388885498 167.133331299
148 17 0 7 15042 15039 21532 7 167.133331299 167.100006104
58 93 0 1 15039 15038 23602 22 167.100006104 167.088882446
56 0 2 0 15038 15036 25672 22 167.088882446 167.066665649
54 157 2 0 15036 14995 27742 22 167.066665649 166.611114502
54 42 1 5 14995 14936 29812 22 166.611114502 165.955551147
54 63 0 7 14936 14916 31882 22 165.955551147 165.733337402
52 12 0 5 14916 14882 34222 25 165.733337402 165.355560303
48 155 2 0 14882 14849 36742 27 165.355560303 164.988891602
64 163 0 7 14849 14846 38272 16 164.988891602 164.955551147
45 37 1 5 14846 14809 41152 31 164.955551147 164.544448853
44 140 1 1 14809 14762 44032 31 164.544448853 164.022216797
44 16 2 0 14762 14759 46822 30 164.022216797 163.988891602
48 25 0 7 14759 14755 49252 26 163.988891602 163.944442749
60 26 0 7 14755 14753 50962 18 163.944442749 163.922225952
46 16 2 0 14753 14743 53572 28 163.922225952 163.811111450
96 19 0 7 14743 14740 54832 13 163.811111450 163.777770996
46 64 1 6 14740 14693 57622 30 163.777770996 163.255554199
44 152 2 0 14693 14692 60502 31 163.255554199 163.244445801
44 134 0 1 14692 14690 63112 28 163.244445801 163.222229004
41 85 1 7 14690 14655 66262 34 163.222229004 162.833328247
41 47 1 5 14655 14618 69412 34 162.833328247 162.422225952
40 21 2 0 14618 14613 72652 35 162.422225952 162.366668701
38 170 2 0 14613 14606 76162 38 162.366668701 162.288894653
196 182 0 3 14606 14605 76702 5 162.288894653 162.277770996
68 171 2 0 14605 14599 78052 14 162.277770996 162.211105347
218 182 0 3 14599 14594 78592 5 162.211105347 162.155548096
42 170 2 0 14594 14588 81652 33 162.155548096 162.088882446
280 182 0 3 14588 14586 81922 2 162.088882446 162.066665649
70 173 2 0 14586 14585 83272 14 162.066665649 162.055557251
284 182 0 3 14585 14584 83542 2 162.055557251 162.044448853
46 164 0 7 14584 14581 86152 28 162.044448853 162.011108398
36 83 0 7 14581 14574 90382 46 162.011108398 161.933334351
40 94 2 0 14574 14568 93712 36 161.933334351 161.866668701
35 167 1 1 14568 14549 98122 48 161.866668701 161.655548096
56 180 2 0 14549 14547 100102 21 161.655548096 161.633331299
222 184 0 3 14547 14546 100552 4 161.633331299 161.622222900
42 171 2 0 14546 14539 104152 39 161.622222900 161.544448853
258 184 0 3 14539 14536 104512 3 161.544448853 161.511108398
70 174 2 0 14536 14534 105952 15 161.511108398 161.488891602
34 105 0 3 14534 14517 110812 53 161.488891602 161.300003052
38 106 2 0 14517 14516 114772 43 161.300003052 161.288894653
33 79 1 7 14516 14507 119812 55 161.288894653 161.188888550
35 92 1 0 14507 14490 124222 48 161.188888550 161.000000000
31 117 1 3 14490 14479 129712 60 161.000000000 160.877777100
31 95 1 1 14479 14477 135112 59 160.877777100 160.855560303
31 134 1 1 14477 14450 140332 57 160.855560303 160.555557251
30 55 1 5 14450 14444 145732 59 160.555557251 160.488891602
34 60 0 5 14444 14441 150142 48 160.488891602 160.455551147
42 21 2 0 14441 14440 153382 35 160.455551147 160.444442749
34 25 1 7 14440 14432 157792 48 160.444442749 160.355560303
30 185 1 3 14432 14422 163282 60 160.355560303 160.244445801
30 60 0 5 14422 14417 169042 63 160.244445801 160.188888550
28 59 1 6 14417 14415 175522 71 160.188888550 160.166671753
40 95 2 0 14415 14413 179302 41 160.166671753 160.144439697
29 63 1 6 14413 14398 185242 65 160.144439697 159.977783203
120 20 0 7 14398 14397 186502 13 159.977783203 159.966659546
31 69 1 7 14397 14395 191722 57 159.966659546 159.944442749
27 151 1 0 14395 14375 198202 71 159.944442749 159.722229004
26 91 1 0 14375 14364 204862 73 159.722229004 159.600006104
25 15 1 5 14364 14362 212422 83 159.600006104 159.577774048
25 124 1 2 14362 14359 220072 84 159.577774048 159.544448853
21 13 1 5 14359 14358 231502 126 159.544448853 159.533340454
62 0 2 0 14358 14356 233392 20 159.533340454 159.511108398
36 9 0 4 14356 14339 237622 46 159.511108398 159.322219849
28 15 1 6 14339 14328 244282 73 159.322219849 159.199996948
48 17 2 0 14328 14325 246982 29 159.199996948 159.166671753
42 10 1 5 14325 14323 250222 35 159.166671753 159.144439697
20 127 1 2 14323 14322 263632 148 159.144439697 159.133331299
27 123 1 3 14322 14317 270022 70 159.133331299 159.077774048
27 129 1 1 14317 14316 276412 70 159.077774048 159.066665649
24 90 2 0 14316 14314 284512 89 159.066665649 159.044448853
27 82 1 0 14314 14311 290902 70 159.044448853 159.011108398
28 59 0 5 14311 14310 297112 68 159.011108398 159.000000000
24 126 2 0 14310 14302 305302 90 159.000000000 158.911117554
23 128 1 2 14302 14299 313492 90 158.911117554 158.877777100
18 10 1 4 14299 14288 328612 167 158.877777100 158.755554199
10 124 0 3 14288 14287 368752 445 158.755554199 158.744445801
27 129 1 1 14287 14285 374962 68 158.744445801 158.722229004
21 145 1 0 14285 14284 385132 112 158.722229004 158.711105347
23 124 1 2 14284 14283 393952 97 158.711105347 158.699996948
10 102 0 2 14283 14282 430132 401 158.699996948 158.688888550
