SetMedian AvgDist: 85.41111 TotalDist: 2002
L 333455455555556555555555565556556556556655544333323333333332333333334334466767777677777777777767777770777770777001111222112212121212111111211211111111111111
Mean AvgDist: 77.37778 TotalDist: 155323
L 3334455555555655556555655565556555655554333333333333333333333333445556667777777777777777777777777677777777001111112111212111212112111211211111211111112
Time taken by program is : 13.29320sec
78 4 2 0 7687 7623 2182 0 85.411109924 84.699996948
70 4 2 0 7623 7563 2272 0 84.699996948 84.033332825
70 70 0 5 7563 7515 2362 0 84.033332825 83.500000000
54 71 1 5 7515 7459 2721 3 83.500000000 82.877777100
45 100 1 7 7459 7416 3080 3 82.877777100 82.400001526
46 116 0 1 7416 7407 3439 3 82.400001526 82.300003052
52 117 2 0 7407 7371 3798 3 82.300003052 81.900001526
42 106 1 7 7371 7341 4157 3 81.900001526 81.566665649
41 47 1 3 7341 7303 4516 3 81.566665649 81.144447327
44 43 2 0 7303 7301 4965 4 81.144447327 81.122222900
40 5 2 0 7301 7284 5594 6 81.122222900 80.933334351
38 115 2 0 7284 7274 6493 9 80.933334351 80.822219849
42 118 0 1 7274 7262 7212 7 80.822219849 80.688888550
39 152 1 2 7262 7252 8201 10 80.688888550 80.577774048
38 5 2 0 7252 7239 9190 10 80.577774048 80.433334351
56 54 0 3 7239 7238 9459 2 80.433334351 80.422225952
44 5 2 0 7238 7225 10359 9 80.422225952 80.277778625
38 9 2 0 7225 7203 11708 14 80.277778625 80.033332825
46 32 0 5 7203 7199 12338 6 80.033332825 79.988891602
40 54 2 0 7199 7176 13417 11 79.988891602 79.733329773
38 89 1 7 7176 7147 14496 11 79.733329773 79.411109924
38 70 2 0 7147 7139 15755 13 79.411109924 79.322219849
33 121 1 1 7139 7118 17644 20 79.322219849 79.088890076
32 34 1 5 7118 7095 19443 19 79.088890076 78.833335876
32 62 1 3 7095 7093 21332 20 78.833335876 78.811111450
40 5 2 0 7093 7092 22771 15 78.811111450 78.800003052
37 63 1 4 7092 7052 24301 16 78.800003052 78.355552673
30 38 1 3 7052 7051 25921 17 78.355552673 78.344444275
50 38 2 0 7051 7050 26641 7 78.344444275 78.333335876
44 18 0 5 7050 7043 27631 10 78.333335876 78.255554199
30 115 2 0 7043 7035 29520 20 78.255554199 78.166664124
38 115 0 1 7035 7026 30959 15 78.166664124 78.066665649
30 74 1 7 7026 7017 33118 23 78.066665649 77.966667175
26 29 0 5 7017 7013 36717 39 77.966667175 77.922225952
42 5 2 0 7013 7008 37796 11 77.922225952 77.866668701
28 25 0 5 7008 7005 40316 27 77.866668701 77.833335876
26 112 1 1 7005 6999 43825 38 77.833335876 77.766670227
25 141 1 2 6999 6992 47154 36 77.766670227 77.688888550
24 128 1 2 6992 6977 50663 38 77.688888550 77.522224426
20 13 1 6 6977 6976 56422 63 77.522224426 77.511108398
19 96 1 6 6976 6974 63710 80 77.511108398 77.488891602
17 68 1 5 6974 6972 73518 108 77.488891602 77.466667175
32 71 0 6 6972 6968 75227 18 77.466667175 77.422225952
16 114 1 2 6968 6964 86743 127 77.422225952 77.377777100
