SetMedian AvgDist: 232.03334 TotalDist: 2002
M 333343343343345554454543222222223333323333333434555455555555555555555655656555555555555565666777770011111112111111111111212111121111107665655666565665656766776770101110111101111010111076555656555556555556556555565566566777770011111111121211111111122121111121212111122212
Mean AvgDist: 208.36667 TotalDist: 1144822
M 333344445545554555432222222233344455555555555555555555555555555555565667777701111111111111111121111111111076666566656566566656666777770011101111111111100076655656555655656556555656566677770011111111211121121121112112111212112122211221212222
Time taken by program is : 260.70132sec
92 32 2 0 20883 20814 2632 5 232.033340454 231.266662598
90 32 2 0 20814 20740 3262 6 231.266662598 230.444442749
90 32 2 0 20740 20668 3982 7 230.444442749 229.644439697
88 24 2 0 20668 20627 4702 7 229.644439697 229.188888550
86 31 2 0 20627 20561 5602 9 229.188888550 228.455551147
80 24 2 0 20561 20527 6592 10 228.455551147 228.077774048
78 24 2 0 20527 20500 7582 10 228.077774048 227.777770996
76 11 2 0 20500 20416 8842 13 227.777770996 226.844451904
76 247 0 2 20416 20400 10012 12 226.844451904 226.666671753
82 248 0 2 20400 20379 11002 10 226.666671753 226.433334351
76 23 2 0 20379 20353 12262 13 226.433334351 226.144439697
74 91 2 0 20353 20305 13522 13 226.144439697 225.611114502
74 91 2 0 20305 20265 14872 14 225.611114502 225.166671753
72 29 2 0 20265 20218 16222 14 225.166671753 224.644439697
72 0 2 0 20218 20171 17572 14 224.644439697 224.122222900
74 3 2 0 20171 20105 19012 15 224.122222900 223.388885498
72 0 2 0 20105 20054 20452 15 223.388885498 222.822219849
68 21 2 0 20054 20048 22252 19 222.822219849 222.755554199
68 20 2 0 20048 20038 24052 19 222.755554199 222.644439697
66 169 2 0 20038 19971 25942 20 222.644439697 221.899993896
68 169 2 0 19971 19915 27742 19 221.899993896 221.277770996
60 22 2 0 19915 19897 29902 23 221.277770996 221.077774048
168 23 0 2 19897 19896 30262 3 221.077774048 221.066665649
60 145 2 0 19896 19844 32602 25 221.066665649 220.488891602
60 244 0 2 19844 19827 34852 24 220.488891602 220.300003052
60 168 2 0 19827 19775 37282 26 220.300003052 219.722229004
60 24 2 0 19775 19748 39892 28 219.722229004 219.422225952
94 25 0 2 19748 19744 40972 11 219.422225952 219.377777100
58 90 2 0 19744 19699 43672 29 219.377777100 218.877777100
56 149 2 0 19699 19683 46642 32 218.877777100 218.699996948
56 212 0 1 19683 19674 49432 30 218.699996948 218.600006104
60 232 0 2 19674 19663 52222 30 218.600006104 218.477783203
58 167 2 0 19663 19616 54922 29 218.477783203 217.955551147
58 145 2 0 19616 19610 57802 31 217.955551147 217.888885498
56 24 2 0 19610 19593 61222 37 217.888885498 217.699996948
56 84 2 0 19593 19571 64552 36 217.699996948 217.455551147
54 25 2 0 19571 19556 68062 38 217.455551147 217.288894653
74 25 0 2 19556 19553 69862 19 217.288894653 217.255554199
54 165 2 0 19553 19523 73732 42 217.255554199 216.922225952
54 165 2 0 19523 19504 77692 43 216.922225952 216.711105347
52 84 2 0 19504 19495 81832 45 216.711105347 216.611114502
50 27 2 0 19495 19488 86152 47 216.611114502 216.533340454
72 26 0 2 19488 19485 88312 23 216.533340454 216.500000000
52 27 2 0 19485 19484 92722 48 216.500000000 216.488891602
74 27 0 2 19484 19480 94522 19 216.488891602 216.444442749
52 53 2 0 19480 19415 98932 48 216.444442749 215.722229004
46 30 2 0 19415 19406 104062 56 215.722229004 215.622222900
44 0 2 0 19406 19394 109372 58 215.622222900 215.488891602
48 3 2 0 19394 19370 114142 52 215.488891602 215.222229004
164 6 0 5 19370 19367 114412 2 215.222229004 215.188888550
50 0 2 0 19367 19362 118732 47 215.188888550 215.133331299
122 7 0 5 19362 19358 119272 5 215.133331299 215.088882446
50 5 2 0 19358 19353 123772 49 215.088882446 215.033340454
100 11 0 5 19353 19335 124762 10 215.033340454 214.833328247
48 5 0 4 19335 19332 129622 53 214.833328247 214.800003052
48 7 2 0 19332 19326 134482 53 214.800003052 214.733337402
42 142 2 0 19326 19325 140872 70 214.733337402 214.722229004
42 96 2 0 19325 19298 146992 67 214.722229004 214.422225952
40 112 2 0 19298 19292 153832 75 214.422225952 214.355560303
62 113 0 6 19292 19275 156622 30 214.355560303 214.166671753
56 114 0 6 19275 19273 160132 38 214.166671753 214.144439697
48 115 2 0 19273 19257 165172 55 214.144439697 213.966659546
42 115 0 6 19257 19256 171382 68 213.966659546 213.955551147
44 125 2 0 19256 19251 177142 63 213.955551147 213.899993896
42 116 0 6 19251 19250 183442 69 213.899993896 213.888885498
39 102 1 1 19250 19226 190642 79 213.888885498 213.622222900
38 15 0 5 19226 19217 198832 90 213.622222900 213.522216797
40 16 2 0 19217 19213 205672 75 213.522216797 213.477783203
38 74 2 0 19213 19194 213772 89 213.477783203 213.266662598
38 73 1 7 19194 19170 220882 78 213.266662598 213.000000000
38 53 2 0 19170 19114 228352 82 213.000000000 212.377777100
36 132 1 7 19114 19092 236722 92 212.377777100 212.133331299
36 233 1 2 19092 19077 245092 92 212.133331299 211.966659546
37 237 1 2 19077 19061 253282 90 211.966659546 211.788894653
32 142 1 1 19061 19047 263452 112 211.788894653 211.633331299
32 149 1 1 19047 19036 274072 117 211.633331299 211.511108398
30 13 0 5 19036 19030 284962 120 211.511108398 211.444442749
52 8 2 0 19030 19029 289102 45 211.444442749 211.433334351
32 55 2 0 19029 19014 299362 113 211.433334351 211.266662598
148 26 0 3 19014 19013 299632 2 211.266662598 211.255554199
54 27 2 0 19013 19008 303682 44 211.255554199 211.199996948
84 26 0 2 19008 19002 305032 14 211.199996948 211.133331299
34 56 2 0 19002 18983 314122 100 211.133331299 210.922225952
80 27 0 2 18983 18982 315562 15 210.922225952 210.911117554
30 232 1 2 18982 18977 326452 120 210.911117554 210.855560303
34 233 0 1 18977 18974 335722 102 210.855560303 210.822219849
30 205 1 2 18974 18950 346612 120 210.822219849 210.555557251
30 9 0 4 18950 18946 357322 118 210.555557251 210.511108398
46 4 2 0 18946 18939 362812 60 210.511108398 210.433334351
28 183 2 0 18939 18936 374512 129 210.433334351 210.399993896
29 207 1 2 18936 18921 386122 128 210.399993896 210.233337402
30 197 1 2 18921 18912 396742 117 210.233337402 210.133331299
28 172 1 6 18912 18905 408892 134 210.133331299 210.055557251
27 78 1 1 18905 18904 421402 138 210.055557251 210.044448853
42 119 2 0 18904 18903 428062 73 210.044448853 210.033340454
28 56 1 5 18903 18902 439942 131 210.033340454 210.022216797
30 35 1 5 18902 18900 451282 125 210.022216797 210.000000000
32 32 2 0 18900 18883 460912 106 210.000000000 209.811111450
28 5 1 4 18883 18868 472342 126 209.811111450 209.644439697
27 161 1 6 18868 18855 484672 136 209.644439697 209.500000000
26 228 1 2 18855 18852 497092 137 209.500000000 209.466659546
26 32 2 0 18852 18846 509332 135 209.466659546 209.399993896
46 11 0 5 18846 18845 514912 61 209.399993896 209.388885498
28 12 1 5 18845 18844 525982 122 209.388885498 209.377777100
28 33 0 4 18844 18838 537232 124 209.377777100 209.311111450
56 7 2 0 18838 18837 540832 39 209.311111450 209.300003052
30 10 0 4 18837 18835 552442 128 209.300003052 209.277770996
28 34 2 0 18835 18828 564502 133 209.277770996 209.199996948
26 125 1 6 18828 18816 577282 141 209.199996948 209.066665649
26 111 0 5 18816 18812 590152 142 209.066665649 209.022216797
30 116 2 0 18812 18811 600772 117 209.022216797 209.011108398
46 117 0 5 18811 18808 605902 56 209.011108398 208.977783203
22 151 1 0 18808 18798 623542 195 208.977783203 208.866668701
22 220 1 1 18798 18788 642802 213 208.866668701 208.755554199
24 225 1 2 18788 18787 657742 165 208.755554199 208.744445801
25 233 1 1 18787 18785 672682 165 208.744445801 208.722229004
20 178 0 5 18785 18782 696982 269 208.722229004 208.688888550
32 157 2 0 18782 18780 707332 114 208.688888550 208.666671753
19 198 1 1 18780 18778 732442 278 208.666671753 208.644439697
19 228 1 1 18778 18773 757642 279 208.644439697 208.588882446
22 211 1 1 18773 18772 777622 221 208.588882446 208.577774048
13 28 1 3 18772 18767 821182 483 208.577774048 208.522216797
12 176 0 5 18767 18766 867802 517 208.522216797 208.511108398
34 154 2 0 18766 18763 876892 100 208.511108398 208.477783203
4 182 0 6 18763 18757 965182 980 208.477783203 208.411117554
28 146 1 1 18757 18756 977602 137 208.411117554 208.399993896
30 138 0 1 18756 18755 987952 114 208.399993896 208.388885498
18 151 1 0 18755 18753 1013872 287 208.388885498 208.366668701
