SetMedian AvgDist: 94.81111 TotalDist: 2002
P 33333334333344444455555555556566666766776776777767777676555556655556565655555667777700011111211212111111122112111111211221221211212222233232
Mean AvgDist: 87.23333 TotalDist: 120799
P 333333333343344444455455555555656566666767676776777777777777655655556555555566677770111111111121111111111112111111211211112112222322233233
Time taken by program is : 9.06484sec
334 0 0 3 8533 8506 2182 0 94.811111450 94.511108398
60 58 2 0 8506 8443 2362 1 94.511108398 93.811111450
56 58 1 7 8443 8397 2632 2 93.811111450 93.300003052
48 87 1 1 8397 8349 2992 3 93.300003052 92.766670227
46 70 2 0 8349 8300 3621 6 92.766670227 92.222221375
50 18 0 5 8300 8284 4071 4 92.222221375 92.044441223
42 93 2 0 8284 8253 5239 12 92.044441223 91.699996948
44 106 0 1 8253 8251 6229 10 91.699996948 91.677780151
42 10 2 0 8251 8242 7488 13 91.677780151 91.577774048
41 139 1 3 8242 8220 8657 12 91.577774048 91.333335876
40 59 2 0 8220 8186 9737 11 91.333335876 90.955558777
40 57 1 7 8186 8161 10907 12 90.955558777 90.677780151
38 40 2 0 8161 8146 12257 14 90.677780151 90.511108398
43 54 1 7 8146 8105 13247 10 90.511108398 90.055557251
38 11 0 4 8105 8103 14866 17 90.055557251 90.033332825
34 118 2 0 8103 8082 16755 20 90.033332825 89.800003052
48 130 0 3 8082 8078 17385 6 89.800003052 89.755554199
38 121 1 1 8078 8053 18555 12 89.755554199 89.477775574
34 120 1 1 8053 8041 20085 16 89.477775574 89.344444275
34 93 2 0 8041 8011 21885 19 89.344444275 89.011108398
35 84 1 1 8011 7993 23414 16 89.011108398 88.811111450
36 104 1 1 7993 7967 24764 14 88.811111450 88.522224426
32 102 2 0 7967 7961 26384 17 88.522224426 88.455558777
31 50 1 7 7961 7960 28273 20 88.455558777 88.444442749
38 20 0 5 7960 7957 29443 12 88.444442749 88.411109924
34 9 2 0 7957 7953 30793 14 88.411109924 88.366668701
44 20 0 5 7953 7950 31693 9 88.366668701 88.333335876
30 62 2 0 7950 7937 33402 18 88.333335876 88.188888550
31 59 1 6 7937 7914 35111 18 88.188888550 87.933334351
30 106 0 1 7914 7908 37180 22 87.933334351 87.866668701
28 30 1 6 7908 7899 39519 25 87.866668701 87.766670227
28 126 1 2 7899 7879 42038 27 87.766670227 87.544441223
28 70 2 0 7879 7867 44914 31 87.544441223 87.411109924
28 41 0 7 7867 7864 47790 31 87.411109924 87.377777100
27 17 1 4 7864 7853 50846 33 87.377777100 87.255554199
24 78 1 6 7853 7851 55518 51 87.255554199 87.233329773
