SetMedian AvgDist: 130.17778 TotalDist: 2002
S 3333333344455456677707777777676766654343443344344344444454554555556556666676677677767777777777077707011111223333343443333333233232222111001007007007007077707707000111111122232232232333233
Mean AvgDist: 124.37778 TotalDist: 334129
S 3333333334445555667777777777776767676655443434344343444444545455555655666676776776777777777777777077070001111122333343433433333333233232222110000700707707077070000111111112222223223233233333
Time taken by program is : 45.36202sec
98 34 0 5 11716 11708 2362 2 130.177780151 130.088882446
76 76 0 7 11708 11705 2722 3 130.088882446 130.055557251
68 186 0 3 11705 11700 3262 5 130.055557251 130.000000000
64 158 2 0 11700 11657 3802 5 130.000000000 129.522216797
60 154 2 0 11657 11621 4702 9 129.522216797 129.122222900
56 101 0 0 11621 11595 5602 9 129.122222900 128.833328247
56 38 2 0 11595 11575 6502 9 128.833328247 128.611114502
52 185 0 3 11575 11573 7762 13 128.611114502 128.588882446
52 28 0 7 11573 11551 9112 14 128.588882446 128.344451904
50 136 2 0 11551 11524 10642 16 128.344451904 128.044448853
46 143 2 0 11524 11509 12621 21 128.044448853 127.877777100
46 29 0 7 11509 11499 14960 25 127.877777100 127.766670227
42 119 0 3 11499 11496 17658 29 127.766670227 127.733329773
50 86 0 7 11496 11495 19098 15 127.733329773 127.722221375
46 76 2 0 11495 11480 20808 18 127.722221375 127.555557251
42 44 2 0 11480 11466 23416 28 127.555557251 127.400001526
40 137 2 0 11466 11458 26204 30 127.400001526 127.311111450
39 85 1 7 11458 11438 29352 34 127.311111450 127.088890076
38 7 0 4 11438 11432 32590 35 127.088890076 127.022224426
36 139 2 0 11432 11418 36188 39 127.022224426 126.866668701
72 150 0 7 11418 11405 36638 4 126.866668701 126.722221375
35 14 1 5 11405 11381 40416 41 126.722221375 126.455558777
35 121 1 3 11381 11357 44194 41 126.455558777 126.188888550
34 139 2 0 11357 11355 48332 45 126.188888550 126.166664124
70 150 0 7 11355 11353 48871 5 126.166664124 126.144447327
31 103 1 0 11353 11332 53729 53 126.144447327 125.911109924
38 101 0 7 11332 11330 56787 33 125.911109924 125.888885498
30 71 2 0 11330 11325 62903 67 125.888885498 125.833335876
30 77 0 7 11325 11315 67941 55 125.833335876 125.722221375
28 38 2 0 11315 11283 74777 75 125.722221375 125.366668701
42 31 0 7 11283 11281 77205 26 125.366668701 125.344444275
44 21 2 0 11281 11277 79003 19 125.344444275 125.300003052
26 45 2 0 11277 11273 87190 90 125.300003052 125.255554199
28 33 0 7 11273 11265 94026 75 125.255554199 125.166664124
52 46 0 3 11265 11264 95285 13 125.166664124 125.155555725
38 18 2 0 11264 11262 97983 29 125.155555725 125.133331299
46 44 2 0 11262 11261 99872 20 125.133331299 125.122222900
26 98 1 0 11261 11258 107698 86 125.122222900 125.088890076
38 100 2 0 11258 11257 111025 36 125.088890076 125.077774048
32 76 0 7 11257 11252 116061 55 125.077774048 125.022224426
25 182 1 2 11252 11230 125058 99 125.022224426 124.777778625
25 185 1 3 11230 11229 133784 96 124.777778625 124.766670227
24 172 1 2 11229 11212 142690 98 124.766670227 124.577774048
21 7 1 3 11212 11211 154562 131 124.577774048 124.566665649
20 48 0 3 11211 11210 167514 143 124.566665649 124.555557251
38 46 2 0 11210 11209 170481 32 124.555557251 124.544441223
36 43 0 3 11209 11205 173897 37 124.544441223 124.500000000
26 32 0 6 11205 11204 182712 97 124.500000000 124.488891602
24 60 2 0 11204 11203 192426 107 124.488891602 124.477775574
19 162 1 1 11203 11202 207535 167 124.477775574 124.466667175
26 159 2 0 11202 11201 215358 86 124.466667175 124.455558777
18 116 0 4 11201 11195 231099 174 124.455558777 124.388885498
18 162 0 0 11195 11194 246118 166 124.388885498 124.377777100
