SetMedian AvgDist: 178.21111 TotalDist: 2002
U 333445456555555555565555655556565665655666677667677777777700011011111111111111211211211211122212344556555555566555555555565555554323322222221122112111121111121111111111
Mean AvgDist: 167.58888 TotalDist: 873603
U 333445555555555655565555656556555656556666666677770221112111211121111211112121121111212233344455555556555655655655655565555555566777001111111121112111121112111111121111112111112
Time taken by program is : 108.27922sec
172 98 0 5 16039 16002 2452 3 178.211105347 177.800003052
106 133 0 0 16002 15999 3442 10 177.800003052 177.766662598
96 99 0 5 15999 15977 4432 10 177.766662598 177.522216797
70 134 0 1 15977 15954 5872 15 177.522216797 177.266662598
82 135 0 1 15954 15933 7042 12 177.266662598 177.033340454
82 136 0 1 15933 15921 8212 12 177.033340454 176.899993896
66 137 0 1 15921 15913 9652 15 176.899993896 176.811111450
70 138 0 1 15913 15904 11002 14 176.811111450 176.711105347
66 43 2 0 15904 15862 12622 17 176.711105347 176.244445801
64 43 2 0 15862 15839 14422 19 176.244445801 175.988891602
62 93 0 3 15839 15810 16222 19 175.988891602 175.666671753
58 48 2 0 15810 15793 18202 21 175.666671753 175.477783203
58 47 2 0 15793 15778 20272 22 175.477783203 175.311111450
56 59 0 1 15778 15775 22342 22 175.311111450 175.277770996
58 47 2 0 15775 15763 24502 23 175.277770996 175.144439697
54 137 1 1 15763 15730 27022 27 175.144439697 174.777770996
66 136 0 1 15730 15729 28732 18 174.777770996 174.766662598
54 48 2 0 15729 15724 31162 26 174.766662598 174.711105347
54 47 2 0 15724 15714 33592 26 174.711105347 174.600006104
52 45 2 0 15714 15712 36202 28 174.600006104 174.577774048
60 56 0 1 15712 15710 38452 24 174.577774048 174.555557251
48 57 1 2 15710 15674 41782 36 174.555557251 174.155548096
48 142 1 1 15674 15632 45202 37 174.155548096 173.688888550
46 135 2 0 15632 15626 48622 37 173.688888550 173.622222900
42 8 2 0 15626 15608 52671 44 173.622222900 173.422225952
42 49 2 0 15608 15599 56810 45 173.422225952 173.322219849
318 44 0 7 15599 15598 56990 1 173.322219849 173.311111450
42 105 0 5 15598 15577 61309 47 173.311111450 173.077774048
42 106 0 5 15577 15567 65629 47 173.077774048 172.966659546
44 129 1 1 15567 15566 69769 45 172.966659546 172.955551147
48 100 0 6 15566 15550 72919 34 172.955551147 172.777770996
42 87 1 3 15550 15507 76699 41 172.777770996 172.300003052
56 89 1 4 15507 15448 79309 28 172.300003052 171.644439697
44 94 1 5 15448 15428 82909 39 171.644439697 171.422225952
39 66 1 2 15428 15410 87139 46 171.422225952 171.222229004
38 130 2 0 15410 15408 91369 46 171.222229004 171.199996948
40 50 1 2 15408 15407 95689 47 171.199996948 171.188888550
38 51 1 2 15407 15398 100189 49 171.188888550 171.088882446
37 171 1 2 15398 15385 104869 51 171.088882446 170.944442749
37 140 1 1 15385 15365 109549 51 170.944442749 170.722229004
54 129 0 0 15365 15364 112159 28 170.722229004 170.711105347
42 128 1 0 15364 15353 115669 38 170.711105347 170.588882446
45 127 1 7 15353 15342 118999 36 170.588882446 170.466659546
80 126 0 6 15342 15340 120349 14 170.466659546 170.444442749
288 127 0 7 15340 15337 120439 0 170.444442749 170.411117554
256 128 0 7 15337 15329 120529 0 170.411117554 170.322219849
44 129 1 7 15329 15310 124309 41 170.322219849 170.111114502
38 108 0 5 15310 15309 129079 52 170.111114502 170.100006104
34 144 1 1 15309 15298 134478 59 170.100006104 169.977783203
34 97 2 0 15298 15288 140237 63 169.977783203 169.866668701
35 90 1 4 15288 15273 145637 59 169.866668701 169.699996948
32 108 2 0 15273 15271 151487 64 169.699996948 169.677780151
74 124 0 6 15271 15267 152747 13 169.677780151 169.633331299
31 80 1 1 15267 15262 159137 70 169.633331299 169.577774048
31 71 1 1 15262 15260 165797 73 169.577774048 169.555557251
39 49 1 2 15260 15259 170477 51 169.555557251 169.544448853
78 42 0 7 15259 15258 171737 13 169.544448853 169.533340454
32 6 1 5 15258 15244 177766 66 169.533340454 169.377777100
30 69 1 2 15244 15235 184605 75 169.377777100 169.277770996
29 61 1 2 15235 15226 191624 77 169.277770996 169.177780151
29 134 1 1 15226 15223 198913 80 169.177780151 169.144439697
29 152 1 1 15223 15215 206022 78 169.144439697 169.055557251
46 132 2 0 15215 15214 209622 39 169.055557251 169.044448853
30 50 1 7 15214 15213 216371 74 169.044448853 169.033340454
28 32 2 0 15213 15209 224290 87 169.033340454 168.988891602
28 50 1 0 15209 15207 233468 101 168.988891602 168.966659546
27 144 1 1 15207 15201 242826 103 168.966659546 168.899993896
27 141 1 1 15201 15195 252184 103 168.899993896 168.833328247
27 63 1 2 15195 15192 261632 104 168.833328247 168.800003052
27 168 1 2 15192 15187 271440 108 168.800003052 168.744445801
28 146 1 1 15187 15185 280798 103 168.744445801 168.722229004
30 168 0 1 15185 15180 288538 85 168.722229004 168.666671753
25 111 1 6 15180 15173 300236 129 168.666671753 168.588882446
24 162 1 2 15173 15172 312744 138 168.588882446 168.577774048
27 164 1 1 15172 15170 323361 117 168.577774048 168.555557251
28 154 2 0 15170 15165 332000 95 168.555557251 168.500000000
32 157 1 1 15165 15164 338300 69 168.500000000 168.488891602
24 30 1 5 15164 15156 350358 133 168.488891602 168.399993896
24 119 1 5 15156 15154 363316 143 168.399993896 168.377777100
54 127 2 0 15154 15153 365656 25 168.377777100 168.366668701
27 125 1 6 15153 15149 375824 112 168.366668701 168.322219849
25 106 1 6 15149 15148 388152 136 168.322219849 168.311111450
44 108 0 5 15148 15144 392022 42 168.311111450 168.266662598
44 125 2 0 15144 15143 395892 42 168.266662598 168.255554199
29 66 1 1 15143 15142 404261 92 168.255554199 168.244445801
37 86 1 3 15142 15141 409481 57 168.244445801 168.233337402
36 74 0 1 15141 15137 415600 67 168.233337402 168.188888550
31 73 1 2 15137 15136 422530 76 168.188888550 168.177780151
28 83 1 2 15136 15125 431978 104 168.177780151 168.055557251
23 104 1 6 15125 15116 446915 165 168.055557251 167.955551147
22 52 1 2 15116 15114 461852 165 167.955551147 167.933334351
22 118 0 6 15114 15113 477239 170 167.933334351 167.922225952
21 15 1 6 15113 15108 493976 185 167.922225952 167.866668701
50 18 0 5 15108 15107 497216 35 167.866668701 167.855560303
30 20 2 0 15107 15099 505135 87 167.855560303 167.766662598
17 25 1 6 15099 15097 531230 289 167.766662598 167.744445801
38 23 0 5 15097 15095 536540 58 167.744445801 167.722229004
56 42 2 0 15095 15094 538790 24 167.722229004 167.711105347
12 114 2 0 15094 15093 577933 434 167.711105347 167.699996948
14 132 0 0 15093 15091 613927 399 167.699996948 167.677780151
22 145 1 2 15091 15090 629854 176 167.677780151 167.666671753
10 63 0 1 15090 15087 675117 502 167.666671753 167.633331299
54 44 2 0 15087 15084 677817 29 167.633331299 167.600006104
2 45 0 6 15084 15083 770671 1031 167.600006104 167.588882446
