SetMedian AvgDist: 224.80000 TotalDist: 2002
W 333344555545566765556555555655565556566567666767777777001110766656666665676777001110111111111111111101111111111101111121244545545455555455555555555555422222222122121212111122345454555565655555554332322221221111111111111111212121
Mean AvgDist: 207.18889 TotalDist: 1795746
W 33344455555555556555656555665566555656655666677777000101011111110766556566565665676777001111111111121111111111111111111122333445455555555565555655555555422121111111111212234445555556555655554322212121112112112121121111211111111112
Time taken by program is : 362.93085sec
110 54 0 1 20232 20192 2182 0 224.800003052 224.355560303
118 55 0 1 20192 20156 2272 0 224.355560303 223.955551147
86 53 0 1 20156 20131 2542 2 223.955551147 223.677780151
74 52 0 1 20131 20115 2902 3 223.677780151 223.500000000
70 53 0 1 20115 20107 3442 5 223.500000000 223.411117554
64 124 1 3 20107 20019 4162 7 223.411117554 222.433334351
60 15 2 0 20019 19943 4972 8 222.433334351 221.588882446
58 202 1 1 19943 19888 5692 7 221.588882446 220.977783203
56 129 2 0 19888 19866 6502 8 220.977783203 220.733337402
58 124 1 3 19866 19794 7222 7 220.733337402 219.933334351
52 104 2 0 19794 19742 8032 8 219.933334351 219.355560303
52 197 0 2 19742 19733 8842 8 219.355560303 219.255554199
52 198 1 1 19733 19702 9832 10 219.255554199 218.911117554
51 153 1 7 19702 19691 10822 10 218.911117554 218.788894653
66 153 2 0 19691 19640 11452 6 218.788894653 218.222229004
51 155 1 7 19640 19638 12532 11 218.222229004 218.199996948
60 155 2 0 19638 19589 13252 7 218.199996948 217.655548096
50 197 1 1 19589 19558 14332 11 217.655548096 217.311111450
48 194 1 1 19558 19557 15682 14 217.311111450 217.300003052
48 126 2 0 19557 19539 17212 16 217.300003052 217.100006104
45 224 1 1 19539 19507 19192 21 217.100006104 216.744445801
44 77 1 5 19507 19504 21442 24 216.744445801 216.711105347
50 78 0 7 19504 19501 22612 12 216.711105347 216.677780151
48 65 0 5 19501 19498 24052 15 216.677780151 216.644439697
48 117 2 0 19498 19441 25762 18 216.644439697 216.011108398
44 86 2 0 19441 19414 28012 24 216.011108398 215.711105347
42 86 2 0 19414 19401 30712 29 215.711105347 215.566665649
42 67 0 5 19401 19391 33682 32 215.566665649 215.455551147
41 120 1 2 19391 19366 36382 29 215.455551147 215.177780151
40 143 0 6 19366 19365 38992 28 215.177780151 215.166671753
41 136 1 5 19365 19344 41332 25 215.166671753 214.933334351
48 127 2 0 19344 19335 43132 19 214.933334351 214.833328247
39 202 1 1 19335 19315 46012 31 214.833328247 214.611114502
39 10 1 5 19315 19268 48802 30 214.611114502 214.088882446
38 87 2 0 19268 19267 52132 36 214.088882446 214.077774048
36 13 2 0 19267 19259 56002 42 214.077774048 213.988891602
36 78 1 7 19259 19258 59512 38 213.988891602 213.977783203
38 72 0 5 19258 19254 62842 36 213.977783203 213.933334351
40 64 2 0 19254 19237 65632 30 213.933334351 213.744445801
36 54 1 2 19237 19225 69682 44 213.744445801 213.611114502
50 52 0 1 19225 19223 71212 16 213.611114502 213.588882446
36 55 2 0 19223 19206 74991 41 213.588882446 213.399993896
44 33 0 5 19206 19205 77241 24 213.399993896 213.388885498
35 199 1 1 19205 19197 82010 52 213.388885498 213.300003052
35 128 1 5 19197 19182 86959 54 213.300003052 213.133331299
35 13 1 5 19182 19161 91818 53 213.133331299 212.899993896
34 41 2 0 19161 19160 96857 55 212.899993896 212.888885498
36 53 1 1 19160 19137 101806 54 212.888885498 212.633331299
34 206 0 2 19137 19115 106935 56 212.633331299 212.388885498
32 3 1 4 19115 19104 112964 66 212.388885498 212.266662598
34 5 0 5 19104 19103 117643 51 212.266662598 212.255554199
35 6 1 5 19103 19101 122412 52 212.255554199 212.233337402
32 191 1 4 19101 19086 128261 64 212.233337402 212.066665649
32 177 1 6 19086 19072 135010 74 212.066665649 211.911117554
36 177 2 0 19072 19067 139509 49 211.911117554 211.855560303
31 202 1 1 19067 19058 146618 78 211.855560303 211.755554199
34 208 0 2 19058 19048 151837 57 211.755554199 211.644439697
36 191 2 0 19048 19042 155617 41 211.644439697 211.577774048
30 75 1 5 19042 19037 162816 79 211.577774048 211.522216797
36 67 0 5 19037 19034 167585 52 211.522216797 211.488891602
30 182 0 5 19034 19021 175325 85 211.488891602 211.344451904
30 160 1 0 19021 19015 182434 78 211.344451904 211.277770996
48 160 2 0 19015 18989 184324 20 211.277770996 210.988891602
29 217 1 2 18989 18984 192064 85 210.988891602 210.933334351
34 226 1 1 18984 18983 197464 59 210.933334351 210.922225952
34 227 1 2 18983 18978 202504 55 210.922225952 210.866668701
30 210 0 2 18978 18977 209794 80 210.866668701 210.855560303
36 223 1 1 18977 18975 214024 46 210.855560303 210.833328247
34 208 1 1 18975 18969 219244 57 210.833328247 210.766662598
28 25 1 6 18969 18967 228424 101 210.766662598 210.744445801
28 34 1 6 18967 18959 236344 87 210.744445801 210.655548096
27 29 1 6 18959 18956 245793 104 210.655548096 210.622222900
27 213 1 2 18956 18951 255423 106 210.622222900 210.566665649
27 161 1 1 18951 18927 264603 101 210.566665649 210.300003052
30 158 2 0 18927 18922 271983 81 210.300003052 210.244445801
27 170 1 3 18922 18921 281433 104 210.244445801 210.233337402
28 158 1 0 18921 18917 290253 97 210.233337402 210.188888550
34 158 2 0 18917 18906 295383 56 210.188888550 210.066665649
30 161 0 1 18906 18904 302493 78 210.066665649 210.044448853
26 88 1 2 18904 18900 311943 104 210.044448853 210.000000000
35 88 1 1 18900 18886 316803 53 210.000000000 209.844451904
26 45 2 0 18886 18875 326523 107 209.844451904 209.722229004
44 49 0 0 18875 18867 328773 24 209.722229004 209.633331299
26 68 1 5 18867 18863 339213 115 209.633331299 209.588882446
27 59 1 1 18863 18846 348843 106 209.588882446 209.399993896
34 66 2 0 18846 18845 353433 50 209.399993896 209.388885498
25 146 1 6 18845 18841 364683 124 209.388885498 209.344451904
24 190 0 3 18841 18828 376743 133 209.344451904 209.199996948
38 192 2 0 18828 18827 380433 40 209.199996948 209.188888550
25 166 1 2 18827 18824 392403 132 209.188888550 209.155548096
25 163 1 1 18824 18808 404552 134 209.155548096 208.977783203
24 55 1 0 18808 18800 416792 135 208.977783203 208.888885498
24 200 1 2 18800 18798 430111 147 208.888885498 208.866668701
30 201 1 1 18798 18797 437490 81 208.866668701 208.855560303
32 216 1 1 18797 18795 443159 62 208.855560303 208.833328247
24 123 1 3 18795 18783 457558 159 208.833328247 208.699996948
32 126 0 5 18783 18782 463497 65 208.699996948 208.688888550
23 58 1 1 18782 18781 479246 174 208.688888550 208.677780151
30 51 2 0 18781 18780 485995 74 208.677780151 208.666671753
22 21 1 6 18780 18775 502644 184 208.666671753 208.611114502
26 15 0 5 18775 18771 513713 122 208.611114502 208.566665649
22 51 1 1 18771 18764 533511 219 208.566665649 208.488891602
28 49 0 0 18764 18763 542690 101 208.488891602 208.477783203
29 49 1 7 18763 18762 550249 83 208.477783203 208.466659546
21 194 1 2 18762 18755 571127 231 208.466659546 208.388885498
24 218 0 2 18755 18753 585436 158 208.388885498 208.366668701
26 174 2 0 18753 18752 596865 126 208.366668701 208.355560303
24 183 1 5 18752 18750 610274 148 208.355560303 208.333328247
21 99 1 2 18750 18745 630612 225 208.333328247 208.277770996
21 204 1 2 18745 18742 651310 229 208.277770996 208.244445801
29 205 1 1 18742 18740 659769 93 208.244445801 208.222229004
23 207 1 2 18740 18737 675158 170 208.222229004 208.188888550
20 153 2 0 18737 18727 697206 244 208.188888550 208.077774048
34 155 0 1 18727 18722 702155 54 208.077774048 208.022216797
24 159 2 0 18722 18721 717004 164 208.022216797 208.011108398
17 157 1 1 18721 18713 749220 357 208.011108398 207.922225952
22 162 1 1 18713 18711 768029 208 207.922225952 207.899993896
17 42 1 6 18711 18707 799975 354 207.899993896 207.855560303
34 35 2 0 18707 18706 805104 56 207.855560303 207.844451904
32 66 0 6 18706 18705 811224 67 207.844451904 207.833328247
28 49 0 0 18705 18699 819503 91 207.833328247 207.766662598
28 49 1 7 18699 18698 828142 95 207.766662598 207.755554199
26 77 2 0 18698 18693 840111 132 207.755554199 207.699996948
29 76 1 5 18693 18689 848030 87 207.699996948 207.655548096
16 184 1 6 18689 18686 882856 386 207.655548096 207.622222900
15 54 1 0 18686 18683 922182 436 207.622222900 207.588882446
16 50 1 0 18683 18680 959798 417 207.588882446 207.555557251
26 53 2 0 18680 18678 971047 124 207.555557251 207.533340454
20 44 0 6 18678 18675 993005 243 207.533340454 207.500000000
18 138 1 6 18675 18674 1019462 293 207.500000000 207.488891602
23 148 1 5 18674 18670 1035480 177 207.488891602 207.444442749
15 158 1 1 18670 18668 1074266 430 207.444442749 207.422225952
15 5 1 4 18668 18662 1113412 434 207.422225952 207.355560303
13 50 1 0 18662 18661 1162636 546 207.355560303 207.344451904
11 40 1 5 18661 18658 1222569 665 207.344451904 207.311111450
10 80 1 6 18658 18656 1290871 758 207.311111450 207.288894653
18 78 1 6 18656 18655 1321556 340 207.288894653 207.277770996
34 82 1 7 18655 18653 1325874 47 207.277770996 207.255554199
25 79 1 5 18653 18651 1338202 136 207.255554199 207.233337402
11 82 1 6 18651 18650 1396335 645 207.233337402 207.222229004
10 200 0 1 18650 18649 1464997 762 207.222229004 207.211105347
5 170 1 2 18649 18648 1564608 1106 207.211105347 207.199996948
8 174 0 4 18648 18647 1645507 898 207.199996948 207.188888550
