SetMedian AvgDist: 160.66667 TotalDist: 2002
X 33345555656656566656666566655554554445444544545556777770000100000010766665665666666566777701111111222112221232222221110010001000111111111233444444544445543322122212222221222
Mean AvgDist: 148.77777 TotalDist: 595730
X 33334445554555565666656665666656665555454544454445445455667777700000010001000766666656665665667677770111112221222222221222111010011000100111112334444444221122121222
Time taken by program is : 63.50427sec
216 2 0 4 14460 14393 2182 0 160.666671753 159.922225952
154 0 0 3 14393 14274 2362 1 159.922225952 158.600006104
102 143 2 0 14274 14208 2902 5 158.600006104 157.866668701
100 153 2 0 14208 14132 3532 6 157.866668701 157.022216797
92 155 2 0 14132 14073 4162 6 157.022216797 156.366668701
92 143 2 0 14073 14033 4792 6 156.366668701 155.922225952
86 152 2 0 14033 13998 5512 7 155.922225952 155.533340454
86 147 2 0 13998 13970 6232 7 155.533340454 155.222229004
84 143 2 0 13970 13951 6952 7 155.222229004 155.011108398
84 143 2 0 13951 13943 7852 9 155.011108398 154.922225952
80 149 2 0 13943 13941 8842 10 154.922225952 154.899993896
80 144 2 0 13941 13940 9922 11 154.899993896 154.888885498
78 141 2 0 13940 13932 11452 16 154.888885498 154.800003052
74 147 2 0 13932 13922 13162 18 154.800003052 154.688888550
70 147 2 0 13922 13894 15052 20 154.688888550 154.377777100
64 149 2 0 13894 13870 17032 21 154.377777100 154.111114502
66 140 2 0 13870 13850 19012 21 154.111114502 153.888885498
66 146 2 0 13850 13841 20992 21 153.888885498 153.788894653
62 12 0 6 13841 13827 23152 23 153.788894653 153.633331299
72 8 0 4 13827 13798 25042 20 153.633331299 153.311111450
70 6 0 5 13798 13792 26752 18 153.311111450 153.244445801
62 150 2 0 13792 13785 29002 24 153.244445801 153.166671753
58 152 2 0 13785 13777 31432 26 153.166671753 153.077774048
84 149 0 2 13777 13769 32602 12 153.077774048 152.988891602
56 154 2 0 13769 13766 35212 28 152.988891602 152.955551147
100 152 0 2 13766 13764 36202 10 152.955551147 152.933334351
56 114 2 0 13764 13693 38902 29 152.933334351 152.144439697
54 7 0 5 13693 13691 41692 30 152.144439697 152.122222900
49 5 1 4 13691 13640 44572 31 152.122222900 151.555557251
48 146 0 5 13640 13638 47632 33 151.555557251 151.533340454
112 146 0 4 13638 13636 48532 9 151.533340454 151.511108398
108 147 0 4 13636 13633 49252 7 151.511108398 151.477783203
76 148 2 0 13633 13623 51052 19 151.477783203 151.366668701
54 156 2 0 13623 13622 53932 31 151.366668701 151.355560303
46 6 0 4 13622 13621 57532 39 151.355560303 151.344451904
42 125 2 0 13621 13602 61672 45 151.344451904 151.133331299
80 152 0 2 13602 13599 62932 13 151.133331299 151.100006104
50 157 2 0 13599 13595 65902 32 151.100006104 151.055557251
108 153 0 2 13595 13590 66622 7 151.055557251 151.000000000
42 77 2 0 13590 13584 70582 43 151.000000000 150.933334351
56 92 0 7 13584 13583 73102 27 150.933334351 150.922225952
42 99 2 0 13583 13558 77152 44 150.922225952 150.644439697
38 7 2 0 13558 13553 82102 54 150.644439697 150.588882446
32 98 2 0 13553 13548 88492 70 150.588882446 150.533340454
33 107 1 2 13548 13538 94792 69 150.533340454 150.422225952
31 111 1 2 13538 13529 101542 74 150.422225952 150.322219849
28 133 1 0 13529 13502 109462 87 150.322219849 150.022216797
30 152 0 1 13502 13501 117112 84 150.022216797 150.011108398
58 148 2 0 13501 13500 119542 26 150.011108398 150.000000000
28 66 0 0 13500 13498 127372 86 150.000000000 149.977783203
32 74 2 0 13498 13497 134032 73 149.977783203 149.966659546
28 70 0 1 13497 13493 141862 86 149.966659546 149.922225952
40 67 2 0 13493 13484 146092 46 149.922225952 149.822219849
34 72 0 1 13484 13478 151852 63 149.822219849 149.755554199
27 40 1 4 13478 13473 160492 95 149.755554199 149.699996948
26 116 1 1 13473 13463 169582 100 149.699996948 149.588882446
24 8 2 0 13463 13455 179572 110 149.588882446 149.500000000
25 18 1 6 13455 13449 189472 109 149.500000000 149.433334351
21 139 1 2 13449 13443 202162 140 149.433334351 149.366668701
23 126 1 1 13443 13442 212962 119 149.366668701 149.355560303
21 68 1 0 13442 13439 225292 136 149.355560303 149.322219849
20 141 0 3 13439 13434 240322 166 149.322219849 149.266662598
54 153 2 0 13434 13433 243562 35 149.266662598 149.255554199
20 132 1 0 13433 13431 257872 158 149.255554199 149.233337402
20 91 0 6 13431 13430 272722 164 149.233337402 149.222229004
44 79 2 0 13430 13425 276682 43 149.222229004 149.166671753
23 85 1 5 13425 13414 287842 123 149.166671753 149.044448853
20 40 0 5 13414 13412 301252 148 149.044448853 149.022216797
24 9 0 5 13412 13408 310972 107 149.022216797 148.977783203
27 56 1 6 13408 13407 319432 93 148.977783203 148.966659546
20 14 2 0 13407 13402 333292 153 148.966659546 148.911117554
17 68 1 1 13402 13399 352732 215 148.911117554 148.877777100
16 156 1 1 13399 13398 373792 233 148.877777100 148.866668701
21 155 1 2 13398 13396 385852 133 148.866668701 148.844451904
6 14 0 5 13396 13391 439762 598 148.844451904 148.788894653
4 83 0 6 13391 13390 503301 705 148.788894653 148.777770996
