SetMedian AvgDist: 156.75555 TotalDist: 2002
Y 3334445556656555656565556656556656556665556656555655665567777011111121211121211211212211210000007007000010111112334343443444443443211221211221121
Mean AvgDist: 144.74445 TotalDist: 809368
Y 333344545555655655565565666566655665656665655656555656565556556556667777701111112121112121111211101101100011000110111112334445454554432221211211211121121
Time taken by program is : 76.43672sec
152 0 0 3 14108 14055 2362 2 156.755554199 156.166671753
118 58 0 7 14055 14037 2902 5 156.166671753 155.966659546
82 138 0 2 14037 14027 4161 13 155.966659546 155.855560303
74 121 2 0 14027 14011 5600 15 155.855560303 155.677780151
94 121 0 5 14011 14008 6319 7 155.677780151 155.644439697
74 119 2 0 14008 14000 7758 15 155.644439697 155.555557251
74 123 2 0 14000 13988 9287 16 155.555557251 155.422225952
86 123 0 5 13988 13987 10186 9 155.422225952 155.411117554
74 124 2 0 13987 13975 11625 15 155.411117554 155.277770996
72 117 2 0 13975 13963 13244 17 155.277770996 155.144439697
128 123 0 5 13963 13961 13514 2 155.144439697 155.122222900
72 120 2 0 13961 13957 14863 14 155.122222900 155.077774048
94 124 0 5 13957 13949 15582 7 155.077774048 154.988891602
68 119 2 0 13949 13944 17651 22 154.988891602 154.933334351
114 124 0 5 13944 13943 18101 4 154.933334351 154.922225952
72 129 2 0 13943 13940 19630 16 154.922225952 154.888885498
72 128 2 0 13940 13934 21159 16 154.888885498 154.822219849
72 120 0 4 13934 13923 22688 16 154.822219849 154.699996948
80 123 0 5 13923 13918 23947 13 154.699996948 154.644439697
68 115 2 0 13918 13883 26376 26 154.644439697 154.255554199
68 131 0 2 13883 13867 28535 23 154.255554199 154.077774048
68 115 2 0 13867 13850 30784 24 154.077774048 153.888885498
82 122 0 5 13850 13849 31953 12 153.888885498 153.877777100
62 129 2 0 13849 13846 34742 30 153.877777100 153.844451904
60 121 0 4 13846 13844 37981 35 153.844451904 153.822219849
70 122 2 0 13844 13842 39960 21 153.822219849 153.800003052
60 99 2 0 13842 13786 43109 34 153.800003052 153.177780151
54 9 0 4 13786 13785 46978 42 153.177780151 153.166671753
64 8 0 4 13785 13782 49947 32 153.166671753 153.133331299
52 0 2 0 13782 13761 53726 41 153.133331299 152.899993896
52 5 0 5 13761 13758 57775 44 152.899993896 152.866668701
74 3 0 4 13758 13756 59575 19 152.866668701 152.844451904
56 6 0 4 13756 13750 62905 36 152.844451904 152.777770996
52 136 0 1 13750 13741 66775 42 152.777770996 152.677780151
70 134 0 2 13741 13738 68665 20 152.677780151 152.644439697
54 105 2 0 13738 13682 72265 39 152.644439697 152.022216797
48 121 0 4 13682 13672 76585 47 152.022216797 151.911117554
72 122 2 0 13672 13670 77935 14 151.911117554 151.888885498
68 117 2 0 13670 13667 80095 23 151.888885498 151.855560303
94 122 0 5 13667 13662 80905 8 151.855560303 151.800003052
48 121 0 4 13662 13659 85405 49 151.800003052 151.766662598
74 122 2 0 13659 13655 86755 14 151.766662598 151.722229004
44 137 2 0 13655 13652 91615 53 151.722229004 151.688888550
72 134 0 2 13652 13647 93415 19 151.688888550 151.633331299
52 141 0 1 13647 13640 97465 44 151.633331299 151.555557251
56 131 2 0 13640 13633 100705 35 151.555557251 151.477783203
42 106 1 1 13633 13610 106015 58 151.477783203 151.222229004
42 3 2 0 13610 13595 111325 58 151.222229004 151.055557251
52 7 0 5 13595 13572 115465 45 151.055557251 150.800003052
106 6 0 4 13572 13566 116275 8 150.800003052 150.733337402
64 5 0 5 13566 13564 118885 28 150.733337402 150.711105347
74 6 0 5 13564 13561 120145 13 150.711105347 150.677780151
70 7 0 5 13561 13558 122125 21 150.677780151 150.644439697
44 12 1 6 13558 13514 126805 51 150.644439697 150.155548096
82 6 0 4 13514 13512 128065 13 150.155548096 150.133331299
44 14 2 0 13512 13496 132745 51 150.133331299 149.955551147
54 9 0 5 13496 13484 136435 40 149.955551147 149.822219849
50 10 0 5 13484 13480 140485 44 149.822219849 149.777770996
48 11 2 0 13480 13445 144895 48 149.777770996 149.388885498
46 11 1 6 13445 13423 149485 50 149.388885498 149.144439697
54 15 2 0 13423 13396 152995 38 149.144439697 148.844451904
42 16 2 0 13396 13382 158035 55 148.844451904 148.688888550
40 5 0 4 13382 13361 163973 65 148.688888550 148.455551147
38 95 2 0 13361 13331 170361 70 148.455551147 148.122222900
36 106 1 1 13331 13309 176749 70 148.122222900 147.877777100
36 29 1 6 13309 13303 183227 71 147.877777100 147.811111450
35 33 1 6 13303 13277 189797 72 147.811111450 147.522216797
35 66 1 6 13277 13250 196275 71 147.522216797 147.222229004
35 63 1 5 13250 13237 202842 72 147.222229004 147.077774048
36 105 0 1 13237 13234 209319 71 147.077774048 147.044448853
34 98 1 0 13234 13205 215796 71 147.044448853 146.722229004
33 112 1 1 13205 13201 222633 75 146.722229004 146.677780151
32 90 2 0 13201 13200 229920 80 146.677780151 146.666671753
34 67 1 7 13200 13198 236577 73 146.666671753 146.644439697
32 32 1 6 13198 13197 243865 80 146.644439697 146.633331299
32 24 1 6 13197 13181 250975 78 146.633331299 146.455551147
31 12 1 5 13181 13175 258175 79 146.455551147 146.388885498
30 64 1 6 13175 13168 265285 78 146.388885498 146.311111450
30 47 1 5 13168 13159 272935 84 146.311111450 146.211105347
30 100 1 1 13159 13146 280405 82 146.211105347 146.066665649
27 53 1 5 13146 13140 289584 101 146.066665649 146.000000000
31 50 1 6 13140 13139 297144 83 146.000000000 145.988891602
29 54 1 6 13139 13134 305154 88 145.988891602 145.933334351
27 105 1 1 13134 13127 314334 101 145.933334351 145.855560303
26 39 1 6 13127 13124 324324 110 145.855560303 145.822219849
28 50 1 5 13124 13122 333323 99 145.822219849 145.800003052
29 33 1 5 13122 13115 341603 91 145.800003052 145.722229004
25 101 1 1 13115 13112 351862 113 145.722229004 145.688888550
28 111 2 0 13112 13109 360681 97 145.688888550 145.655548096
28 137 0 2 13109 13108 369590 98 145.655548096 145.644439697
38 140 2 0 13108 13107 375710 67 145.644439697 145.633331299
27 106 1 0 13107 13105 384979 102 145.633331299 145.611114502
25 104 1 0 13105 13101 395598 117 145.611114502 145.566665649
58 108 0 1 13101 13100 398748 34 145.566665649 145.555557251
21 20 1 5 13100 13088 414587 175 145.555557251 145.422225952
28 25 1 6 13088 13081 423856 102 145.422225952 145.344451904
22 65 1 6 13081 13071 437085 146 145.344451904 145.233337402
27 41 1 5 13071 13069 446534 104 145.233337402 145.211105347
25 12 1 6 13069 13068 456884 114 145.211105347 145.199996948
21 147 1 1 13068 13067 471640 163 145.199996948 145.188888550
20 94 2 0 13067 13065 489276 195 145.188888550 145.166671753
24 105 1 1 13065 13063 499983 118 145.166671753 145.144439697
24 107 1 0 13063 13058 510689 118 145.144439697 145.088882446
28 110 1 1 13058 13057 519236 94 145.088882446 145.077774048
24 109 2 0 13057 13047 529223 110 145.077774048 144.966659546
26 83 0 2 13047 13046 538400 101 144.966659546 144.955551147
8 55 0 5 13046 13040 578986 450 144.955551147 144.888885498
32 84 2 0 13040 13038 586363 81 144.888885498 144.866668701
28 41 1 6 13038 13034 594820 93 144.866668701 144.822219849
16 99 0 1 13034 13031 617586 252 144.822219849 144.788894653
2 65 0 5 13031 13029 699571 910 144.788894653 144.766662598
16 32 2 0 13029 13027 721530 243 144.766662598 144.744445801
