SetMedian AvgDist: 102.73333 TotalDist: 16155
A 33333345454555555455566556555555545555655555555554667777700111111111111210077677777777676567665656667770111111212222112212222221222111222122332232
Mean AvgDist: 93.83334 TotalDist: 252405
A 333334445454555555555555555455555566565556555555556677770011111112111100777777777776666566656565667777011111121212122211212122122221212121222122222222
Time taken by program is : 20.47626sec
61 49 1 5 9246 9178 16425 1 102.733329773 101.977775574
58 59 2 0 9178 9152 16605 1 101.977775574 101.688888550
58 106 0 2 9152 9144 16785 1 101.688888550 101.599998474
64 108 0 2 9144 9104 16965 1 101.599998474 101.155555725
52 21 2 0 9104 9047 17235 2 101.155555725 100.522224426
52 58 2 0 9047 9046 17685 4 100.522224426 100.511108398
46 74 1 7 9046 9005 18315 6 100.511108398 100.055557251
44 90 0 5 9005 8955 19125 8 100.055557251 99.500000000
40 141 1 2 8955 8905 20205 11 99.500000000 98.944442749
40 88 1 6 8905 8856 21015 8 98.944442749 98.400001526
48 87 0 5 8856 8851 21645 6 98.400001526 98.344444275
38 106 1 1 8851 8810 22905 13 98.344444275 97.888885498
50 110 0 2 8810 8792 23535 6 97.888885498 97.688888550
36 98 1 7 8792 8777 24705 12 97.688888550 97.522224426
36 32 2 0 8777 8764 25875 12 97.522224426 97.377777100
40 21 1 5 8764 8721 26685 8 97.377777100 96.900001526
36 50 2 0 8721 8699 27945 13 96.900001526 96.655555725
36 24 0 5 8699 8687 29475 16 96.655555725 96.522224426
34 141 1 1 8687 8670 31365 20 96.522224426 96.333335876
34 133 1 2 8670 8660 33165 19 96.333335876 96.222221375
34 5 1 4 8660 8637 35145 21 96.222221375 95.966667175
34 107 0 1 8637 8612 37305 23 95.966667175 95.688888550
36 121 0 1 8612 8610 38745 15 95.688888550 95.666664124
35 143 1 2 8610 8596 40455 18 95.666664124 95.511108398
33 17 1 5 8596 8583 42345 20 95.511108398 95.366668701
36 25 2 0 8583 8568 43965 17 95.366668701 95.199996948
29 66 1 1 8568 8555 46755 30 95.199996948 95.055557251
30 62 0 2 8555 8552 49185 26 95.055557251 95.022224426
28 33 1 6 8552 8537 52155 32 95.022224426 94.855552673
28 114 2 0 8537 8533 55125 32 94.855552673 94.811111450
28 146 1 2 8533 8519 58185 33 94.811111450 94.655555725
26 125 1 1 8519 8514 61875 40 94.655555725 94.599998474
28 130 0 1 8514 8513 65115 35 94.599998474 94.588890076
27 129 1 2 8513 8510 68535 37 94.588890076 94.555557251
26 48 0 5 8510 8505 72495 43 94.555557251 94.500000000
26 84 1 6 8505 8493 76455 43 94.500000000 94.366668701
50 83 0 7 8493 8492 76995 5 94.366668701 94.355552673
42 63 2 0 8492 8491 77625 6 94.355552673 94.344444275
36 86 2 0 8491 8480 78975 14 94.344444275 94.222221375
25 132 1 1 8480 8475 83475 49 94.222221375 94.166664124
24 82 1 6 8475 8472 88425 54 94.166664124 94.133331299
24 25 0 4 8472 8462 92925 49 94.133331299 94.022224426
22 26 2 0 8462 8460 99135 68 94.022224426 94.000000000
22 25 0 5 8460 8457 105345 68 94.000000000 93.966667175
30 27 2 0 8457 8455 107865 27 93.966667175 93.944442749
21 34 1 6 8455 8452 115155 80 93.944442749 93.911109924
16 40 1 6 8452 8451 129555 159 93.911109924 93.900001526
15 64 1 2 8451 8449 147645 200 93.900001526 93.877777100
10 7 0 4 8449 8445 177615 332 93.877777100 93.833335876
