SetMedian AvgDist: 122.54444 TotalDist: 16155
B 333343323433333343454545556655566655544444455555565665666676776776777777777776777777777707777701111111121111112121121111212111111222111232333233333
Mean AvgDist: 114.48889 TotalDist: 394425
B 33333333334343444455455555655666655544444455545555555656666667676776777777777777777777777777770011111111121111112111211111112111111111111112222322323233
Time taken by program is : 43.26952sec
70 42 0 5 11029 10969 16605 3 122.544441223 121.877777100
60 43 0 5 10969 10945 17055 4 121.877777100 121.611114502
60 7 2 0 10945 10889 17595 5 121.611114502 120.988891602
50 4 2 0 10889 10861 18855 13 120.988891602 120.677780151
358 0 0 3 10861 10856 18945 0 120.677780151 120.622222900
47 79 1 7 10856 10817 20475 16 120.622222900 120.188888550
46 22 0 5 10817 10798 22185 18 120.188888550 119.977775574
52 0 2 0 10798 10791 23085 9 119.977775574 119.900001526
54 0 2 0 10791 10785 23895 8 119.900001526 119.833335876
42 67 2 0 10785 10780 25785 20 119.833335876 119.777778625
41 131 1 1 10780 10749 27765 21 119.777778625 119.433334351
42 115 0 1 10749 10716 29745 21 119.433334351 119.066665649
40 123 1 1 10716 10684 31365 17 119.066665649 118.711112976
40 41 0 4 10684 10661 32805 15 118.711112976 118.455558777
40 44 0 5 10661 10650 34245 15 118.455558777 118.333335876
38 139 2 0 10650 10647 36225 21 118.333335876 118.300003052
52 140 0 2 10647 10618 37665 15 118.300003052 117.977775574
44 141 0 2 10618 10607 39015 14 117.977775574 117.855552673
36 29 1 6 10607 10598 41265 24 117.855552673 117.755554199
37 132 1 1 10598 10564 43245 21 117.755554199 117.377777100
42 142 0 2 10564 10552 44775 16 117.377777100 117.244445801
42 143 2 0 10552 10536 46395 17 117.244445801 117.066665649
34 63 2 0 10536 10533 49005 28 117.066665649 117.033332825
32 117 0 1 10533 10528 51795 30 117.033332825 116.977775574
36 146 2 0 10528 10526 53775 21 116.977775574 116.955558777
36 118 0 1 10526 10513 55845 22 116.955558777 116.811111450
38 119 0 1 10513 10506 57375 16 116.811111450 116.733329773
32 12 0 4 10506 10494 60525 34 116.733329773 116.599998474
36 8 2 0 10494 10484 62415 20 116.599998474 116.488891602
31 56 1 6 10484 10476 65745 36 116.488891602 116.400001526
34 68 2 0 10476 10474 68265 27 116.400001526 116.377777100
30 26 1 5 10474 10461 72225 43 116.377777100 116.233329773
32 13 0 4 10461 10450 75465 35 116.233329773 116.111114502
32 16 2 0 10450 10433 78525 33 116.111114502 115.922225952
90 7 0 3 10433 10432 78885 3 115.922225952 115.911109924
30 53 0 5 10432 10426 82485 39 115.911109924 115.844444275
31 22 1 5 10426 10421 85725 35 115.844444275 115.788887024
38 8 0 3 10421 10419 88155 26 115.788887024 115.766670227
36 9 2 0 10419 10410 90675 27 115.766670227 115.666664124
30 56 2 0 10410 10405 94545 42 115.666664124 115.611114502
62 89 0 7 10405 10401 95175 6 115.611114502 115.566665649
30 112 2 0 10401 10396 99315 45 115.566665649 115.511108398
26 149 1 2 10396 10385 105705 70 115.511108398 115.388885498
26 135 1 1 10385 10372 111285 61 115.388885498 115.244445801
25 90 1 7 10372 10368 117855 72 115.244445801 115.199996948
24 95 1 0 10368 10352 126135 91 115.199996948 115.022224426
21 145 1 2 10352 10349 135855 107 115.022224426 114.988891602
25 144 1 3 10349 10348 142065 68 114.988891602 114.977775574
26 146 0 2 10348 10346 147555 60 114.977775574 114.955558777
24 106 2 0 10346 10341 155745 90 114.955558777 114.900001526
20 15 1 4 10341 10328 166185 115 114.900001526 114.755554199
18 116 1 2 10328 10327 180045 153 114.755554199 114.744445801
30 119 1 1 10327 10314 183825 41 114.744445801 114.599998474
18 10 1 4 10314 10310 199215 170 114.599998474 114.555557251
14 27 2 0 10310 10309 221895 251 114.555557251 114.544441223
14 21 0 4 10309 10308 245475 261 114.544441223 114.533332825
18 19 2 0 10308 10307 259875 159 114.533332825 114.522224426
6 104 0 1 10307 10304 310995 567 114.522224426 114.488891602
