SetMedian AvgDist: 114.48889 TotalDist: 16155
C 3333333334344545555566670001007776776666665656656556655555565545434333433333332333333333333333333345567677677777777677777777777777777770707000101111111111111212112112212122212222223323
Mean AvgDist: 105.53333 TotalDist: 391365
C 333333334444555555556566677770011110777676666666656655656555555544433433333333333333323323323333445556667767777767777777777777777777077070000101111111111111211121221222222222322323233
Time taken by program is : 37.71466sec
110 22 0 7 10304 10258 16425 1 114.488891602 113.977775574
60 23 0 7 10258 10221 16965 5 113.977775574 113.566665649
60 67 2 0 10221 10193 17505 5 113.566665649 113.255554199
58 20 0 5 10193 10165 18045 5 113.255554199 112.944442749
58 104 2 0 10165 10149 18585 5 112.944442749 112.766670227
58 69 2 0 10149 10122 19125 5 112.766670227 112.466667175
54 21 0 5 10122 10110 19755 6 112.466667175 112.333335876
56 63 2 0 10110 10029 20385 6 112.333335876 111.433334351
50 173 1 2 10029 9986 21285 9 111.433334351 110.955558777
50 46 2 0 9986 9950 22185 9 110.955558777 110.555557251
50 30 0 1 9950 9935 22995 8 110.555557251 110.388885498
48 0 2 0 9935 9918 23895 9 110.388885498 110.199996948
50 21 0 5 9918 9902 24795 9 110.199996948 110.022224426
48 0 2 0 9902 9896 25875 11 110.022224426 109.955558777
56 21 0 5 9896 9891 26505 6 109.955558777 109.900001526
46 104 2 0 9891 9883 27495 10 109.900001526 109.811111450
44 26 1 7 9883 9848 28755 13 109.811111450 109.422225952
41 31 1 1 9848 9817 30285 16 109.422225952 109.077774048
40 51 2 0 9817 9786 31995 18 109.077774048 108.733329773
38 78 2 0 9786 9756 34065 22 108.733329773 108.400001526
44 92 0 2 9756 9739 35415 14 108.400001526 108.211112976
50 71 2 0 9739 9728 36315 9 108.211112976 108.088890076
34 96 0 4 9728 9722 39555 35 108.088890076 108.022224426
50 71 2 0 9722 9720 40455 9 108.022224426 108.000000000
32 52 2 0 9720 9714 44055 39 108.000000000 107.933334351
32 87 0 2 9714 9698 47565 38 107.933334351 107.755554199
31 166 1 2 9698 9689 51435 42 107.755554199 107.655555725
33 175 1 3 9689 9662 55035 39 107.655555725 107.355552673
30 21 1 6 9662 9639 59445 48 107.355552673 107.099998474
30 96 2 0 9639 9629 63945 49 107.099998474 106.988891602
54 134 0 0 9629 9628 64755 8 106.988891602 106.977775574
54 87 0 3 9628 9626 65565 8 106.977775574 106.955558777
34 178 2 0 9626 9625 69075 38 106.955558777 106.944442749
42 174 0 3 9625 9617 70605 16 106.944442749 106.855552673
36 161 2 0 9617 9613 73395 30 106.855552673 106.811111450
29 179 1 3 9613 9608 78165 52 106.811111450 106.755554199
28 179 0 2 9608 9606 83115 54 106.755554199 106.733329773
26 33 1 1 9606 9599 88875 63 106.733329773 106.655555725
25 54 1 5 9599 9591 95355 71 106.655555725 106.566665649
23 64 1 4 9591 9585 103545 90 106.566665649 106.500000000
23 51 1 5 9585 9584 111915 92 106.500000000 106.488891602
24 40 1 6 9584 9576 118935 77 106.488891602 106.400001526
40 63 2 0 9576 9575 121365 26 106.400001526 106.388885498
22 20 1 6 9575 9573 130095 96 106.388885498 106.366668701
38 20 0 5 9573 9572 132975 31 106.366668701 106.355552673
22 155 1 1 9572 9571 141885 98 106.355552673 106.344444275
22 107 0 6 9571 9567 150525 95 106.344444275 106.300003052
48 104 2 0 9567 9548 151515 10 106.300003052 106.088890076
24 134 0 7 9548 9539 158535 77 106.088890076 105.988891602
50 102 2 0 9539 9538 159435 9 105.988891602 105.977775574
21 136 1 0 9538 9537 169515 111 105.977775574 105.966667175
21 135 1 7 9537 9533 179325 108 105.966667175 105.922225952
19 85 1 2 9533 9528 190665 125 105.922225952 105.866668701
18 103 0 6 9528 9525 202815 134 105.866668701 105.833335876
40 143 2 0 9525 9524 204885 22 105.833335876 105.822219849
28 160 0 1 9524 9519 210465 61 105.822219849 105.766670227
44 143 2 0 9519 9518 211905 15 105.766670227 105.755554199
27 173 1 2 9518 9516 217665 63 105.755554199 105.733329773
21 174 1 3 9516 9515 227745 111 105.733329773 105.722221375
19 100 1 5 9515 9506 240075 136 105.722221375 105.622222900
17 56 1 6 9506 9504 255105 166 105.622222900 105.599998474
16 176 0 2 9504 9502 272385 191 105.599998474 105.577774048
15 11 1 4 9502 9501 291195 208 105.577774048 105.566665649
22 7 2 0 9501 9500 299475 91 105.566665649 105.555557251
18 21 0 5 9500 9498 312255 141 105.555557251 105.533332825
