SetMedian AvgDist: 182.34445 TotalDist: 16155
E 3333333334554656767677777777776767767676776665565654333332333332333334455556766777777776777677767676765565554343323333233323221233334454556667677677676777777677777777770700011111111112112121122121122121121212112212122233443323323233332333
Mean AvgDist: 165.03334 TotalDist: 622125
E 33333333343445566777777777777777777777766555655543333333333333333344556676777677777777777767766655655543333333333333333323333344555667767777777777777777777777777777770011111111211121112121111121112121111211223323332333233
Time taken by program is : 79.36410sec
772 0 0 3 16411 16398 16335 0 182.344451904 182.199996948
108 222 2 0 16398 16289 16785 4 182.199996948 180.988891602
98 222 2 0 16289 16193 17235 4 180.988891602 179.922225952
86 220 2 0 16193 16123 17775 5 179.922225952 179.144439697
80 220 2 0 16123 16073 18495 7 179.144439697 178.588882446
76 128 2 0 16073 15975 19395 9 178.588882446 177.500000000
74 115 0 3 15975 15955 20295 9 177.500000000 177.277770996
72 147 0 7 15955 15938 21285 10 177.277770996 177.088882446
68 221 2 0 15938 15898 22455 12 177.088882446 176.644439697
72 221 2 0 15898 15880 23355 9 176.644439697 176.444442749
64 142 0 7 15880 15876 24885 16 176.444442749 176.399993896
60 223 2 0 15876 15846 26505 17 176.399993896 176.066665649
54 223 2 0 15846 15839 28305 19 176.066665649 175.988891602
54 121 2 0 15839 15813 30105 19 175.988891602 175.699996948
64 116 0 3 15813 15805 31455 14 175.699996948 175.611114502
54 117 2 0 15805 15780 33165 18 175.611114502 175.333328247
66 124 0 3 15780 15771 34515 14 175.333328247 175.233337402
58 127 2 0 15771 15739 36225 18 175.233337402 174.877777100
78 127 0 3 15739 15725 37125 9 174.877777100 174.722229004
76 128 0 3 15725 15722 38025 9 174.722229004 174.688888550
58 111 2 0 15722 15705 39735 18 174.688888550 174.500000000
54 128 2 0 15705 15684 41625 20 174.500000000 174.266662598
58 128 0 3 15684 15677 43515 20 174.266662598 174.188888550
52 78 2 0 15677 15663 45405 20 174.188888550 174.033340454
52 73 2 0 15663 15619 47385 21 174.033340454 173.544448853
50 32 2 0 15619 15564 49455 22 173.544448853 172.933334351
50 223 2 0 15564 15562 51615 23 172.933334351 172.911117554
48 58 2 0 15562 15545 54225 28 172.911117554 172.722229004
82 63 0 3 15545 15535 55035 8 172.722229004 172.611114502
48 18 2 0 15535 15515 57465 26 172.611114502 172.388885498
46 63 2 0 15515 15503 60075 28 172.388885498 172.255554199
68 0 2 0 15503 15502 61515 15 172.255554199 172.244445801
46 155 1 7 15502 15466 63945 26 172.244445801 171.844451904
45 146 1 7 15466 15420 66735 30 171.844451904 171.333328247
44 18 2 0 15420 15417 69525 30 171.333328247 171.300003052
44 86 0 7 15417 15415 72405 31 171.300003052 171.277770996
44 216 0 3 15415 15411 75375 32 171.277770996 171.233337402
50 225 2 0 15411 15408 77445 22 171.233337402 171.199996948
42 118 2 0 15408 15396 80505 33 171.199996948 171.066665649
74 122 0 3 15396 15394 81495 10 171.066665649 171.044448853
42 166 1 7 15394 15368 84735 35 171.044448853 170.755554199
42 74 2 0 15368 15364 88245 38 170.755554199 170.711105347
44 33 2 0 15364 15340 91575 36 170.711105347 170.444442749
48 30 0 7 15340 15333 94185 28 170.444442749 170.366668701
42 37 2 0 15333 15325 97785 39 170.366668701 170.277770996
42 169 2 0 15325 15307 101205 37 170.277770996 170.077774048
128 212 0 3 15307 15306 101655 4 170.077774048 170.066665649
52 219 2 0 15306 15304 103725 22 170.066665649 170.044448853
106 213 0 3 15304 15298 104175 4 170.044448853 169.977783203
40 126 0 3 15298 15295 108045 42 169.977783203 169.944442749
40 14 2 0 15295 15262 112005 43 169.944442749 169.577774048
66 17 0 7 15262 15260 113265 13 169.577774048 169.555557251
39 147 1 7 15260 15234 117495 46 169.555557251 169.266662598
38 46 2 0 15234 15220 121905 48 169.266662598 169.111114502
52 18 0 7 15220 15218 124065 23 169.111114502 169.088882446
44 20 2 0 15218 15215 127215 34 169.088882446 169.055557251
42 66 2 0 15215 15209 130725 38 169.055557251 168.988891602
152 10 0 3 15209 15208 130995 2 168.988891602 168.977783203
40 41 0 5 15208 15206 134955 43 168.977783203 168.955551147
70 0 2 0 15206 15203 136035 11 168.955551147 168.922225952
38 198 2 0 15203 15172 140265 46 168.922225952 168.577774048
38 169 2 0 15172 15165 144495 46 168.577774048 168.500000000
54 215 0 3 15165 15163 146385 20 168.500000000 168.477783203
44 219 2 0 15163 15161 149355 32 168.477783203 168.455551147
36 31 2 0 15161 15145 154035 51 168.455551147 168.277770996
60 34 0 7 15145 15138 155655 17 168.277770996 168.199996948
34 101 2 0 15138 15128 161505 64 168.199996948 168.088882446
54 79 0 7 15128 15126 163305 19 168.088882446 168.066665649
34 65 0 3 15126 15121 168705 59 168.066665649 168.011108398
34 19 1 7 15121 15112 174105 59 168.011108398 167.911117554
34 193 1 1 15112 15098 179415 58 167.911117554 167.755554199
64 217 0 3 15098 15095 180765 14 167.755554199 167.722229004
32 90 2 0 15095 15082 187695 76 167.722229004 167.577774048
32 86 2 0 15082 15076 194715 77 167.577774048 167.511108398
76 81 0 7 15076 15075 195885 12 167.511108398 167.500000000
31 141 1 7 15075 15063 202905 77 167.500000000 167.366668701
31 204 1 1 15063 15057 209835 76 167.366668701 167.300003052
30 11 1 4 15057 15037 216675 75 167.300003052 167.077774048
44 11 0 3 15037 15035 219915 35 167.077774048 167.055557251
30 130 1 5 15035 15026 226755 75 167.055557251 166.955551147
34 129 2 0 15026 15003 232065 58 166.955551147 166.699996948
54 74 2 0 15003 15002 234135 22 166.699996948 166.688888550
50 73 0 7 15002 15001 236385 24 166.688888550 166.677780151
36 36 0 7 15001 15000 241155 52 166.677780151 166.666671753
32 98 0 6 15000 14993 247545 70 166.666671753 166.588882446
68 0 2 0 14993 14992 248895 14 166.588882446 166.577774048
48 73 2 0 14992 14990 251235 25 166.577774048 166.555557251
124 9 0 3 14990 14989 251685 4 166.555557251 166.544448853
30 170 2 0 14989 14980 259065 81 166.544448853 166.444442749
28 219 1 3 14980 14973 266985 87 166.444442749 166.366668701
54 210 2 0 14973 14972 269055 22 166.366668701 166.355560303
58 216 0 3 14972 14970 270765 18 166.355560303 166.333328247
28 98 0 6 14970 14969 278325 83 166.333328247 166.322219849
68 0 2 0 14969 14968 279585 13 166.322219849 166.311111450
34 93 2 0 14968 14962 285345 63 166.311111450 166.244445801
124 9 0 3 14962 14961 285885 5 166.244445801 166.233337402
46 75 2 0 14961 14958 288765 31 166.233337402 166.199996948
50 74 0 7 14958 14951 291555 30 166.199996948 166.122222900
28 138 1 7 14951 14942 300105 94 166.122222900 166.022216797
27 185 1 1 14942 14934 308835 96 166.022216797 165.933334351
28 180 2 0 14934 14929 317475 95 165.933334351 165.877777100
29 169 1 1 14929 14913 325395 87 165.877777100 165.699996948
50 209 2 0 14913 14912 327915 27 165.699996948 165.688888550
52 136 0 7 14912 14911 330165 24 165.688888550 165.677780151
26 47 1 5 14911 14904 340335 112 165.677780151 165.600006104
25 43 1 5 14904 14895 350595 113 165.600006104 165.500000000
25 14 1 5 14895 14883 360675 111 165.500000000 165.366668701
32 37 2 0 14883 14880 367335 73 165.366668701 165.333328247
26 82 1 7 14880 14879 376335 99 165.333328247 165.322219849
26 41 0 6 14879 14877 385425 100 165.322219849 165.300003052
48 42 2 0 14877 14876 387765 25 165.300003052 165.288894653
27 43 1 5 14876 14874 396405 95 165.288894653 165.266662598
24 211 0 3 14874 14871 406755 114 165.266662598 165.233337402
27 190 1 1 14871 14869 415845 100 165.233337402 165.211105347
24 202 2 0 14869 14867 427995 134 165.211105347 165.188888550
25 206 1 1 14867 14865 437805 108 165.188888550 165.166671753
17 45 1 6 14865 14861 459315 238 165.166671753 165.122222900
16 13 1 4 14861 14860 481815 249 165.122222900 165.111114502
68 0 2 0 14860 14855 483345 16 165.111114502 165.055557251
16 77 1 6 14855 14853 507645 269 165.055557251 165.033340454
