SetMedian AvgDist: 144.06667 TotalDist: 16155
F 333333333333344556656700077776777776677776776676555665555555433333323333333333333333344567767777777767777767777777676655556565655565565565567770111112111112121121112112111121111121111112111111222332333332332333333
Mean AvgDist: 130.04445 TotalDist: 508095
F 333333333444555667777677777777767777777677666555555543333333333333333333444556676777776777777777777777665565565555656556677770111111111211111111112111121111112111111212233333233233332333333
Time taken by program is : 52.55584sec
86 0 2 0 12966 12930 16515 2 144.066665649 143.666671753
80 0 2 0 12930 12899 16785 2 143.666671753 143.322219849
80 0 2 0 12899 12876 17145 3 143.322219849 143.066665649
76 58 2 0 12876 12825 17595 4 143.066665649 142.500000000
78 58 2 0 12825 12784 18225 6 142.500000000 142.044448853
72 19 2 0 12784 12718 18855 6 142.044448853 141.311111450
72 57 2 0 12718 12687 19485 6 141.311111450 140.966659546
66 0 2 0 12687 12684 20115 6 140.966659546 140.933334351
64 18 2 0 12684 12636 20745 6 140.933334351 140.399993896
64 80 2 0 12636 12585 21465 7 140.399993896 139.833328247
62 139 2 0 12585 12528 22185 7 139.833328247 139.199996948
62 42 2 0 12528 12489 22995 8 139.199996948 138.766662598
60 107 2 0 12489 12426 23805 8 138.766662598 138.066665649
60 18 2 0 12426 12397 24615 8 138.066665649 137.744445801
60 22 0 7 12397 12384 25605 10 137.744445801 137.600006104
58 42 2 0 12384 12350 26505 9 137.600006104 137.222229004
54 57 2 0 12350 12344 27675 12 137.222229004 137.155548096
52 23 0 7 12344 12334 29205 16 137.155548096 137.044448853
48 57 2 0 12334 12332 30825 17 137.044448853 137.022216797
52 77 2 0 12332 12286 32355 16 137.022216797 136.511108398
52 78 2 0 12286 12271 33975 17 136.511108398 136.344451904
66 74 0 5 12271 12269 34875 9 136.344451904 136.322219849
50 30 2 0 12269 12234 36405 16 136.322219849 135.933334351
52 24 0 7 12234 12232 38115 18 135.933334351 135.911117554
48 129 2 0 12232 12183 40005 20 135.911117554 135.366668701
48 43 2 0 12183 12178 41895 20 135.366668701 135.311111450
44 137 2 0 12178 12140 44505 28 135.311111450 134.888885498
44 39 2 0 12140 12125 46665 23 134.888885498 134.722229004
48 31 0 7 12125 12118 48375 18 134.722229004 134.644439697
40 122 1 7 12118 12074 51345 32 134.644439697 134.155548096
40 128 2 0 12074 12061 54135 30 134.155548096 134.011108398
40 144 2 0 12061 12040 57105 32 134.011108398 133.777770996
42 128 2 0 12040 12023 59715 28 133.777770996 133.588882446
108 184 0 3 12023 12022 60165 4 133.588882446 133.577774048
108 185 0 3 12022 12018 60525 3 133.577774048 133.533340454
39 123 1 7 12018 12010 63945 37 133.533340454 133.444442749
38 106 2 0 12010 11980 67545 39 133.444442749 133.111114502
38 135 2 0 11980 11946 71055 38 133.111114502 132.733337402
36 103 2 0 11946 11928 74745 40 132.733337402 132.533340454
38 126 2 0 11928 11927 78165 37 132.533340454 132.522216797
34 71 0 4 11927 11923 82305 45 132.522216797 132.477783203
34 121 1 6 11923 11901 86625 47 132.477783203 132.233337402
32 71 1 3 11901 11898 91035 48 132.233337402 132.199996948
32 15 1 7 11898 11889 95535 49 132.199996948 132.100006104
42 15 2 0 11889 11873 98235 29 132.100006104 131.922225952
30 119 2 0 11873 11849 103185 54 131.922225952 131.655548096
30 39 2 0 11849 11846 108495 58 131.655548096 131.622222900
66 9 0 3 11846 11845 109485 10 131.622222900 131.611114502
50 25 0 7 11845 11843 111555 22 131.611114502 131.588882446
58 0 2 0 11843 11840 112725 12 131.588882446 131.555557251
30 25 1 7 11840 11828 117945 57 131.555557251 131.422225952
30 71 0 4 11828 11826 123435 60 131.422225952 131.399993896
31 75 1 5 11826 11809 128565 56 131.399993896 131.211105347
28 92 1 7 11809 11800 134595 66 131.211105347 131.111114502
34 72 2 0 11800 11797 139005 48 131.111114502 131.077774048
30 37 0 7 11797 11795 144495 60 131.077774048 131.055557251
40 16 2 0 11795 11791 147645 34 131.055557251 131.011108398
38 37 0 7 11791 11789 151155 38 131.011108398 130.988891602
32 39 2 0 11789 11786 156015 53 130.988891602 130.955551147
28 106 1 5 11786 11784 162135 67 130.955551147 130.933334351
27 105 1 6 11784 11776 168525 70 130.933334351 130.844451904
27 13 1 5 11776 11767 174735 68 130.844451904 130.744445801
27 99 1 7 11767 11766 180945 68 130.744445801 130.733337402
24 146 2 0 11766 11755 188325 81 130.733337402 130.611114502
29 140 1 1 11755 11744 193995 62 130.611114502 130.488891602
18 21 1 6 11744 11741 206865 142 130.488891602 130.455551147
40 38 0 7 11741 11737 210105 35 130.455551147 130.411117554
40 16 2 0 11737 11734 213345 35 130.411117554 130.377777100
16 73 1 4 11734 11728 230715 192 130.377777100 130.311111450
26 112 1 5 11728 11727 237465 74 130.311111450 130.300003052
24 113 1 6 11727 11720 245475 88 130.300003052 130.222229004
16 80 0 6 11720 11717 263835 203 130.222229004 130.188888550
52 78 2 0 11717 11715 265725 20 130.188888550 130.166671753
15 172 1 2 11715 11709 285975 224 130.166671753 130.100006104
12 11 0 4 11709 11706 313785 308 130.100006104 130.066665649
2 166 0 1 11706 11705 403245 993 130.066665649 130.055557251
21 171 1 3 11705 11704 414495 124 130.055557251 130.044448853
