SetMedian AvgDist: 185.36667 TotalDist: 16155
H 334465546554655556556554655565556555655565556565677701111111121112110777777677777076765565556655666567770111121112121112211211112112111111112233454446555655555433333333333333222211111121121111111112
Mean AvgDist: 169.54445 TotalDist: 706995
H 33344555555556555555555555555565556565566655555556555555565667770011111112112111100777777777777765656565555655556667777011111121111211121111112121112111111121112233445555555565555543333333333332211211111211111111112
Time taken by program is : 85.27860sec
190 0 0 3 16683 16582 16425 1 185.366668701 184.244445801
94 111 0 1 16582 16531 17145 7 184.244445801 183.677780151
78 180 0 1 16531 16519 18045 9 183.677780151 183.544448853
74 150 0 5 16519 16492 19125 11 183.544448853 183.244445801
74 112 0 1 16492 16455 20295 12 183.244445801 182.833328247
78 113 0 1 16455 16424 21195 9 182.833328247 182.488891602
72 155 0 5 16424 16392 22275 11 182.488891602 182.133331299
70 156 0 5 16392 16384 23355 11 182.133331299 182.044448853
68 114 0 1 16384 16373 24435 11 182.044448853 181.922225952
64 115 0 1 16373 16366 25425 10 181.922225952 181.844451904
60 170 2 0 16366 16334 26685 13 181.844451904 181.488891602
58 25 0 6 16334 16319 28035 14 181.488891602 181.322219849
70 5 0 5 16319 16293 29025 10 181.322219849 181.033340454
57 10 1 5 16293 16231 30555 16 181.033340454 180.344451904
52 154 2 0 16231 16190 32265 18 180.344451904 179.888885498
68 160 0 5 16190 16183 33345 11 179.888885498 179.811111450
54 172 2 0 16183 16166 34965 17 179.811111450 179.622222900
52 14 0 5 16166 16149 36855 20 179.622222900 179.433334351
76 6 0 5 16149 16128 37665 8 179.433334351 179.199996948
106 4 0 5 16128 16122 38115 4 179.199996948 179.133331299
54 158 2 0 16122 16103 39465 14 179.133331299 178.922225952
54 174 2 0 16103 16095 40815 14 178.922225952 178.833328247
54 8 1 5 16095 16040 42435 17 178.833328247 178.222229004
53 3 1 4 16040 15990 44325 20 178.222229004 177.666671753
52 5 0 5 15990 15965 46215 20 177.666671753 177.388885498
56 175 2 0 15965 15964 47745 16 177.388885498 177.377777100
50 35 0 6 15964 15940 49815 22 177.377777100 177.111114502
46 165 2 0 15940 15929 52335 27 177.111114502 176.988891602
82 168 0 5 15929 15922 53415 11 176.988891602 176.911117554
46 158 2 0 15922 15900 55755 25 176.911117554 176.666671753
44 6 1 5 15900 15864 58365 28 176.666671753 176.266662598
43 18 1 5 15864 15822 61065 29 176.266662598 175.800003052
60 31 0 5 15822 15817 63045 21 175.800003052 175.744445801
60 32 0 5 15817 15803 64485 15 175.744445801 175.588882446
56 33 0 5 15803 15798 66735 24 175.588882446 175.533340454
42 87 1 7 15798 15769 71145 48 175.533340454 175.211105347
44 108 0 5 15769 15745 75195 44 175.211105347 174.944442749
52 100 0 5 15745 15740 77625 26 174.944442749 174.888885498
54 93 2 0 15740 15686 79965 25 174.888885498 174.288894653
44 73 0 1 15686 15672 83925 43 174.288894653 174.133331299
36 110 0 5 15672 15665 90585 73 174.133331299 174.055557251
48 82 2 0 15665 15663 93105 27 174.055557251 174.033340454
34 104 1 5 15663 15642 100215 78 174.033340454 173.800003052
34 113 2 0 15642 15606 107325 78 173.800003052 173.399993896
72 96 0 5 15606 15605 108765 15 173.399993896 173.388885498
42 114 1 7 15605 15583 112725 43 173.388885498 173.144439697
34 95 2 0 15583 15573 119205 71 173.144439697 173.033340454
40 74 0 1 15573 15571 123435 46 173.033340454 173.011108398
33 52 1 5 15571 15563 130815 81 173.011108398 172.922225952
32 24 1 5 15563 15526 138195 81 172.922225952 172.511108398
34 10 1 5 15526 15512 144765 72 172.511108398 172.355560303
44 4 2 0 15512 15505 148005 35 172.355560303 172.277770996
44 33 0 5 15505 15503 151245 35 172.277770996 172.255554199
32 138 2 0 15503 15500 158625 81 172.255554199 172.222229004
48 128 0 1 15500 15498 161325 29 172.222229004 172.199996948
40 139 0 1 15498 15496 165825 49 172.199996948 172.177780151
46 119 2 0 15496 15493 169065 35 172.177780151 172.144439697
31 26 1 5 15493 15475 177075 88 172.144439697 171.944442749
32 59 2 0 15475 15452 184725 84 171.944442749 171.688888550
32 34 1 6 15452 15414 192195 82 171.688888550 171.266662598
30 204 2 0 15414 15408 200745 94 171.266662598 171.199996948
36 189 0 3 15408 15406 207765 77 171.199996948 171.177780151
40 190 2 0 15406 15405 212805 55 171.177780151 171.166671753
31 203 1 1 15405 15396 221535 96 171.166671753 171.066665649
36 201 2 0 15396 15390 228735 79 171.066665649 171.000000000
32 193 0 1 15390 15386 236835 89 171.000000000 170.955551147
42 195 2 0 15386 15381 241335 49 170.955551147 170.899993896
28 142 2 0 15381 15379 250695 103 170.899993896 170.877777100
46 127 0 1 15379 15374 254655 43 170.877777100 170.822219849
28 78 2 0 15374 15366 264015 103 170.822219849 170.733337402
82 171 0 5 15366 15364 264645 6 170.733337402 170.711105347
44 161 2 0 15364 15362 268425 41 170.711105347 170.688888550
26 44 1 5 15362 15361 278325 109 170.688888550 170.677780151
26 29 1 5 15361 15360 288135 108 170.677780151 170.666671753
24 97 1 6 15360 15350 301095 143 170.666671753 170.555557251
24 18 1 5 15350 15340 313875 141 170.555557251 170.444442749
22 30 1 6 15340 15339 327195 147 170.444442749 170.433334351
28 35 0 5 15339 15338 336105 98 170.433334351 170.422225952
24 54 1 6 15338 15335 348435 136 170.422225952 170.388885498
20 190 0 3 15335 15334 365355 187 170.388885498 170.377777100
20 93 0 6 15334 15333 383445 200 170.377777100 170.366668701
34 93 1 7 15333 15320 390555 78 170.366668701 170.222229004
20 155 1 2 15320 15317 408285 196 170.222229004 170.188888550
25 135 1 1 15317 15314 419805 127 170.188888550 170.155548096
20 40 1 6 15314 15306 436905 189 170.155548096 170.066665649
29 54 1 5 15306 15303 446175 102 170.066665649 170.033340454
20 141 2 0 15303 15300 464175 199 170.033340454 170.000000000
28 125 0 2 15300 15299 473535 103 170.000000000 169.988891602
24 150 1 1 15299 15298 486315 141 169.988891602 169.977783203
19 4 1 4 15298 15273 505125 208 169.977783203 169.699996948
18 80 1 0 15273 15269 527265 245 169.699996948 169.655548096
14 73 0 2 15269 15266 559035 352 169.655548096 169.622222900
16 65 1 0 15266 15259 585675 295 169.622222900 169.544448853
