SetMedian AvgDist: 185.91112 TotalDist: 16155
K 33344555455565655543323322323232322211121233334445565566666676676677677676554445444434444544454455566777000010000000700001010066555556565565555555677677001111121111122112111111111211211211111121211111
Mean AvgDist: 169.61111 TotalDist: 866025
K 33344555555565655543233222323222233345566566676667666676676665544444444444445444545556677777000000100010000000070776656556555655656677770111111121121112112111111121211211121121122121221211212
Time taken by program is : 122.23079sec
106 191 0 2 16732 16702 16515 2 185.911117554 185.577774048
104 190 0 2 16702 16671 16785 2 185.577774048 185.233337402
114 189 0 2 16671 16657 17055 2 185.233337402 185.077774048
142 188 0 2 16657 16638 17415 3 185.077774048 184.866668701
96 36 2 0 16638 16536 17865 4 184.866668701 183.733337402
98 36 2 0 16536 16435 18315 4 183.733337402 182.611114502
94 36 2 0 16435 16344 18765 4 182.611114502 181.600006104
94 184 0 2 16344 16343 19215 4 181.600006104 181.588882446
84 181 0 2 16343 16341 19665 4 181.588882446 181.566665649
82 37 2 0 16341 16269 20205 5 181.566665649 180.766662598
80 24 2 0 16269 16238 20745 5 180.766662598 180.422225952
78 30 2 0 16238 16211 21285 5 180.422225952 180.122222900
76 31 2 0 16211 16192 21825 5 180.122222900 179.911117554
74 32 2 0 16192 16174 22455 6 179.911117554 179.711105347
76 31 2 0 16174 16164 23085 6 179.711105347 179.600006104
72 156 0 1 16164 16157 23805 7 179.600006104 179.522216797
72 19 2 0 16157 16144 24525 7 179.522216797 179.377777100
68 195 0 2 16144 16127 25695 12 179.377777100 179.188888550
68 90 0 7 16127 16113 26955 13 179.188888550 179.033340454
64 32 2 0 16113 16102 28935 21 179.033340454 178.911117554
86 28 0 2 16102 16093 29295 3 178.911117554 178.811111450
66 29 2 0 16093 16090 30915 17 178.811111450 178.777770996
64 32 0 2 16090 16087 32805 20 178.777770996 178.744445801
64 33 2 0 16087 16077 34875 22 178.744445801 178.633331299
62 118 2 0 16077 16005 37395 27 178.633331299 177.833328247
62 29 0 2 16005 16002 39915 27 177.833328247 177.800003052
56 119 2 0 16002 15940 43245 36 177.800003052 177.111114502
58 119 2 0 15940 15902 46305 33 177.111114502 176.688888550
54 147 0 1 15902 15897 49725 37 176.688888550 176.633331299
50 115 0 7 15897 15885 53505 41 176.633331299 176.500000000
50 36 2 0 15885 15852 57285 41 176.500000000 176.133331299
48 119 2 0 15852 15818 61425 45 176.133331299 175.755554199
48 119 2 0 15818 15803 65565 45 175.755554199 175.588882446
46 55 2 0 15803 15790 69885 47 175.588882446 175.444442749
46 175 2 0 15790 15776 74385 49 175.444442749 175.288894653
44 152 2 0 15776 15768 79155 52 175.288894653 175.199996948
44 145 0 1 15768 15767 83925 52 175.199996948 175.188888550
44 178 2 0 15767 15760 88335 48 175.188888550 175.111114502
42 110 2 0 15760 15720 93375 55 175.111114502 174.666671753
42 36 2 0 15720 15714 98415 55 174.666671753 174.600006104
42 88 1 7 15714 15679 103635 57 174.600006104 174.211105347
40 8 1 5 15679 15633 109215 61 174.211105347 173.699996948
40 189 1 2 15633 15616 114975 63 173.699996948 173.511108398
38 110 2 0 15616 15572 120915 65 173.511108398 173.022216797
44 92 0 7 15572 15562 125595 51 173.022216797 172.911117554
37 132 1 7 15562 15540 131535 65 172.911117554 172.666671753
35 178 1 2 15540 15536 138375 75 172.666671753 172.622222900
36 145 2 0 15536 15534 145215 75 172.622222900 172.600006104
56 184 0 2 15534 15527 148815 39 172.600006104 172.522216797
46 176 2 0 15527 15523 153315 49 172.522216797 172.477783203
34 113 1 7 15523 15487 159795 71 172.477783203 172.077774048
32 40 1 6 15487 15473 167085 80 172.077774048 171.922225952
33 130 1 6 15473 15447 174465 81 171.922225952 171.633331299
32 56 0 6 15447 15440 182835 92 171.633331299 171.555557251
32 57 2 0 15440 15433 190845 88 171.555557251 171.477783203
30 135 1 7 15433 15430 199485 95 171.477783203 171.444442749
30 66 1 4 15430 15421 208575 100 171.444442749 171.344451904
33 59 1 6 15421 15392 216045 82 171.344451904 171.022216797
30 71 1 5 15392 15381 224685 95 171.022216797 170.899993896
29 127 1 6 15381 15374 234135 104 170.899993896 170.822219849
29 168 1 1 15374 15361 243585 104 170.822219849 170.677780151
28 131 2 0 15361 15355 252765 101 170.677780151 170.611114502
46 149 0 1 15355 15354 257535 52 170.611114502 170.600006104
28 82 1 5 15354 15346 267705 112 170.600006104 170.511108398
27 92 1 0 15346 15344 277875 112 170.511108398 170.488891602
27 125 1 6 15344 15340 288225 114 170.488891602 170.444442749
25 105 1 0 15340 15333 299835 128 170.444442749 170.366668701
25 71 1 4 15333 15328 311445 128 170.366668701 170.311111450
23 161 1 2 15328 15323 325665 157 170.311111450 170.255554199
44 125 0 5 15323 15321 330795 56 170.255554199 170.233337402
22 108 1 7 15321 15320 345285 160 170.233337402 170.222229004
24 122 2 0 15320 15319 357975 140 170.222229004 170.211105347
22 51 2 0 15319 15315 372015 155 170.211105347 170.166671753
21 145 1 2 15315 15305 389655 195 170.166671753 170.055557251
20 113 1 7 15305 15301 410625 232 170.055557251 170.011108398
26 126 0 5 15301 15297 421785 123 170.011108398 169.966659546
28 107 2 0 15297 15294 431505 107 169.966659546 169.933334351
46 91 0 7 15294 15293 436545 55 169.933334351 169.922225952
25 91 1 0 15293 15288 448065 127 169.922225952 169.866668701
21 84 1 6 15288 15287 465885 197 169.866668701 169.855560303
26 98 2 0 15287 15284 477135 124 169.855560303 169.822219849
26 84 0 5 15284 15283 488115 121 169.822219849 169.811111450
15 24 1 2 15283 15282 519975 353 169.811111450 169.800003052
19 30 1 2 15282 15281 541395 237 169.800003052 169.788894653
16 33 1 3 15281 15274 570915 327 169.788894653 169.711105347
22 29 0 3 15274 15273 586215 169 169.711105347 169.699996948
72 27 2 0 15273 15272 587475 13 169.699996948 169.688888550
10 182 0 2 15272 15270 634365 520 169.688888550 169.666671753
8 45 0 7 15270 15268 688995 606 169.666671753 169.644439697
20 82 2 0 15268 15266 706995 199 169.644439697 169.622222900
8 102 0 1 15266 15265 761265 602 169.622222900 169.611114502
