SetMedian AvgDist: 169.70000 TotalDist: 16155
N 3333445555555565555555565555566555556556556655667677701000001111101001111110110066556555655665655655655566567770701111112122111112212112211211112211211211234334444455445445545545554554421112112011212111111211121111
Mean AvgDist: 160.52222 TotalDist: 846585
N 33334455555556565555556555555655555655655565656677777001110110111011110111100656555565556565565655566566777701111111111211111121121121112112112112233344455554555555555455554543221122112121112111211121121112121
Time taken by program is : 97.45227sec
68 185 0 1 15273 15271 16875 6 169.699996948 169.677780151
72 190 0 1 15271 15249 17505 6 169.677780151 169.433334351
66 120 2 0 15249 15207 18045 5 169.433334351 168.966659546
62 190 0 1 15207 15203 18765 7 168.966659546 168.922225952
60 128 2 0 15203 15166 19395 6 168.922225952 168.511108398
58 194 2 0 15166 15127 20025 6 168.511108398 168.077774048
56 133 2 0 15127 15102 20655 6 168.077774048 167.800003052
56 82 2 0 15102 15101 21285 6 167.800003052 167.788894653
58 81 0 5 15101 15098 21915 6 167.788894653 167.755554199
52 182 2 0 15098 15093 22725 8 167.755554199 167.699996948
74 188 0 1 15093 15082 23175 4 167.699996948 167.577774048
64 192 0 1 15082 15066 23805 6 167.577774048 167.399993896
52 6 2 0 15066 15047 24615 8 167.399993896 167.188888550
50 53 2 0 15047 15013 25695 11 167.188888550 166.811111450
48 119 2 0 15013 14995 26865 12 166.811111450 166.611114502
48 210 0 2 14995 14984 28035 12 166.611114502 166.488891602
58 180 2 0 14984 14980 28665 6 166.488891602 166.444442749
48 209 0 1 14980 14971 29745 11 166.444442749 166.344451904
56 180 2 0 14971 14965 30465 7 166.344451904 166.277770996
60 209 0 1 14965 14964 31095 6 166.277770996 166.266662598
44 150 2 0 14964 14904 32535 15 166.266662598 165.600006104
42 58 2 0 14904 14900 34155 17 165.600006104 165.555557251
40 28 2 0 14900 14884 36045 20 165.555557251 165.377777100
40 40 2 0 14884 14883 37935 20 165.377777100 165.366668701
60 5 0 5 14883 14881 38655 7 165.366668701 165.344451904
38 107 1 7 14881 14857 41445 30 165.344451904 165.077774048
38 81 2 0 14857 14856 43695 24 165.077774048 165.066665649
42 87 0 5 14856 14853 45855 23 165.066665649 165.033340454
36 161 1 5 14853 14820 48555 29 165.033340454 164.666671753
36 182 2 0 14820 14819 51345 30 164.666671753 164.655548096
42 177 0 2 14819 14799 53145 19 164.655548096 164.433334351
36 94 2 0 14799 14797 55755 28 164.433334351 164.411117554
40 80 0 5 14797 14796 57825 22 164.411117554 164.399993896
36 117 0 1 14796 14783 60435 28 164.399993896 164.255554199
42 124 2 0 14783 14780 62145 18 164.255554199 164.222229004
36 55 1 1 14780 14749 64665 27 164.222229004 163.877777100
36 118 0 1 14749 14744 67185 27 163.877777100 163.822219849
38 82 2 0 14744 14734 69615 26 163.822219849 163.711105347
38 131 2 0 14734 14732 72045 26 163.711105347 163.688888550
35 153 1 5 14732 14702 75465 37 163.688888550 163.355560303
34 135 2 0 14702 14696 79065 39 163.355560303 163.288894653
34 200 2 0 14696 14695 82485 37 163.288894653 163.277770996
44 162 0 5 14695 14694 84195 18 163.277770996 163.266662598
36 206 0 2 14694 14693 87795 39 163.266662598 163.255554199
40 206 0 1 14693 14687 89865 22 163.255554199 163.188888550
50 177 2 0 14687 14685 90945 11 163.188888550 163.166671753
34 118 0 1 14685 14681 94725 41 163.166671753 163.122222900
32 149 2 0 14681 14673 99495 52 163.122222900 163.033340454
44 115 0 2 14673 14671 101475 21 163.033340454 163.011108398
32 156 1 5 14671 14646 106155 51 163.011108398 162.733337402
32 88 2 0 14646 14641 110925 52 162.733337402 162.677780151
32 191 0 2 14641 14640 115515 50 162.677780151 162.666671753
48 177 2 0 14640 14635 117045 16 162.666671753 162.611114502
40 204 0 1 14635 14631 119565 27 162.611114502 162.566665649
30 64 1 1 14631 14623 124785 57 162.566665649 162.477783203
30 180 2 0 14623 14621 130005 57 162.477783203 162.455551147
30 56 0 1 14621 14620 135675 62 162.455551147 162.444442749
36 58 2 0 14620 14615 139545 42 162.444442749 162.388885498
33 54 1 1 14615 14603 144225 51 162.388885498 162.255554199
30 51 1 7 14603 14599 149805 61 162.255554199 162.211105347
28 102 1 6 14599 14594 155925 67 162.211105347 162.155548096
26 158 1 5 14594 14587 163575 84 162.155548096 162.077774048
24 46 2 0 14587 14576 172755 101 162.077774048 161.955551147
24 143 1 2 14576 14571 181845 100 161.955551147 161.899993896
23 162 1 5 14571 14564 192645 119 161.899993896 161.822219849
42 151 2 0 14564 14562 194625 21 161.822219849 161.800003052
22 168 1 5 14562 14549 207945 147 161.800003052 161.655548096
22 188 1 2 14549 14546 219645 129 161.655548096 161.622222900
22 85 1 5 14546 14544 233505 153 161.622222900 161.600006104
24 86 1 6 14544 14535 243675 112 161.600006104 161.500000000
22 38 0 5 14535 14533 256725 144 161.500000000 161.477783203
46 5 2 0 14533 14525 258075 14 161.477783203 161.388885498
22 43 0 6 14525 14518 270405 136 161.388885498 161.311111450
22 81 1 5 14518 14511 283275 142 161.311111450 161.233337402
20 188 1 1 14511 14505 299835 183 161.233337402 161.166671753
22 176 0 2 14505 14504 313605 152 161.166671753 161.155548096
28 182 2 0 14504 14503 319725 67 161.155548096 161.144439697
19 47 1 7 14503 14502 338175 204 161.144439697 161.133331299
20 15 1 6 14502 14501 354285 178 161.133331299 161.122222900
20 28 0 5 14501 14499 371925 195 161.122222900 161.100006104
28 62 1 1 14499 14498 378675 74 161.100006104 161.088882446
19 39 1 5 14498 14497 397485 208 161.088882446 161.077774048
20 16 2 0 14497 14495 414585 189 161.077774048 161.055557251
18 37 1 6 14495 14494 437715 256 161.055557251 161.044448853
22 21 0 5 14494 14493 449415 129 161.044448853 161.033340454
15 174 1 3 14493 14482 480015 339 161.033340454 160.911117554
26 184 0 1 14482 14481 488205 90 160.911117554 160.899993896
42 175 2 0 14481 14479 490275 22 160.899993896 160.877777100
26 156 0 5 14479 14477 498195 87 160.877777100 160.855560303
24 181 2 0 14477 14472 509265 122 160.855560303 160.800003052
22 172 1 4 14472 14471 521145 131 160.800003052 160.788894653
16 145 0 1 14471 14470 547335 290 160.788894653 160.777770996
48 115 2 0 14470 14466 548865 16 160.777770996 160.733337402
25 132 1 2 14466 14465 557235 92 160.733337402 160.722229004
8 201 0 2 14465 14459 621585 714 160.722229004 160.655548096
6 61 0 0 14459 14458 697725 845 160.655548096 160.644439697
30 66 2 0 14458 14453 703395 62 160.644439697 160.588882446
22 72 1 1 14453 14450 717255 153 160.588882446 160.555557251
23 70 1 0 14450 14447 729045 130 160.555557251 160.522216797
