SetMedian AvgDist: 64.62222 TotalDist: 16155
O 33333343333434344544554554545555556556555566666766767666777767777777077770070100110111111111112111221212212112222333233
Mean AvgDist: 59.30000 TotalDist: 107595
O 333333334344445445455545555555556556566666666766767767776777777777770700010111111111112121122121221222222222323
Time taken by program is : 7.48213sec
72 0 2 0 5816 5788 16335 0 64.622222900 64.311111450
58 0 2 0 5788 5765 16515 1 64.311111450 64.055557251
50 4 2 0 5765 5725 16695 1 64.055557251 63.611110687
49 65 1 7 5725 5687 16875 1 63.611110687 63.188888550
43 111 1 2 5687 5636 17145 2 63.188888550 62.622222900
42 74 2 0 5636 5600 17415 2 62.622222900 62.222221375
44 50 2 0 5600 5569 17775 3 62.222221375 61.877777100
45 37 1 6 5569 5532 18135 3 61.877777100 61.466667175
42 44 2 0 5532 5526 18675 5 61.466667175 61.400001526
39 102 1 2 5526 5487 19395 7 61.400001526 60.966667175
40 90 0 2 5487 5486 20025 6 60.966667175 60.955554962
44 74 2 0 5486 5466 20475 4 60.955554962 60.733333588
36 46 0 6 5466 5458 21285 8 60.733333588 60.644443512
36 57 2 0 5458 5453 22095 8 60.644443512 60.588890076
34 22 2 0 5453 5431 23175 11 60.588890076 60.344444275
34 106 2 0 5431 5420 24345 12 60.344444275 60.222221375
36 107 0 2 5420 5417 25245 9 60.222221375 60.188888550
37 100 1 2 5417 5399 25875 6 60.188888550 59.988887787
34 67 2 0 5399 5393 26955 11 59.988887787 59.922222137
64 55 0 7 5393 5390 27135 1 59.922222137 59.888889313
32 110 2 0 5390 5387 28845 18 59.888889313 59.855556488
30 30 0 5 5387 5378 30735 20 59.855556488 59.755554199
42 52 2 0 5378 5374 31275 5 59.755554199 59.711112976
36 51 0 7 5374 5363 32445 12 59.711112976 59.588890076
34 53 2 0 5363 5361 33705 13 59.588890076 59.566665649
22 11 1 4 5361 5356 38025 47 59.566665649 59.511112213
30 14 2 0 5356 5353 39915 20 59.511112213 59.477779388
22 16 1 4 5353 5351 44415 49 59.477779388 59.455554962
28 15 0 5 5351 5347 46575 23 59.455554962 59.411109924
22 52 0 7 5347 5346 51255 51 59.411109924 59.400001526
32 31 2 0 5346 5341 52785 16 59.400001526 59.344444275
18 48 0 6 5341 5339 61965 101 59.344444275 59.322223663
34 10 2 0 5339 5337 63135 12 59.322223663 59.299999237
