SetMedian AvgDist: 94.81111 TotalDist: 16155
P 33333334333344444455555555556566666766776776777767777676555556655556565655555667777700011111211212111111122112111111211221221211212222233232
Mean AvgDist: 87.23333 TotalDist: 135135
P 333333333343344444455455555555656566666767676776777777777777655655556555555566677770111111111121111111111112111111211211112112222322233233
Time taken by program is : 9.81736sec
334 0 0 3 8533 8506 16335 0 94.811111450 94.511108398
60 58 2 0 8506 8443 16515 1 94.511108398 93.811111450
56 58 1 7 8443 8397 16785 2 93.811111450 93.300003052
48 87 1 1 8397 8349 17145 3 93.300003052 92.766670227
46 70 2 0 8349 8300 17775 6 92.766670227 92.222221375
50 18 0 5 8300 8284 18225 4 92.222221375 92.044441223
42 93 2 0 8284 8253 19395 12 92.044441223 91.699996948
44 106 0 1 8253 8251 20385 10 91.699996948 91.677780151
42 10 2 0 8251 8242 21645 13 91.677780151 91.577774048
41 139 1 3 8242 8220 22815 12 91.577774048 91.333335876
40 59 2 0 8220 8186 23895 11 91.333335876 90.955558777
40 57 1 7 8186 8161 25065 12 90.955558777 90.677780151
38 40 2 0 8161 8146 26415 14 90.677780151 90.511108398
43 54 1 7 8146 8105 27405 10 90.511108398 90.055557251
38 11 0 4 8105 8103 29025 17 90.055557251 90.033332825
34 118 2 0 8103 8082 30915 20 90.033332825 89.800003052
48 130 0 3 8082 8078 31545 6 89.800003052 89.755554199
38 121 1 1 8078 8053 32715 12 89.755554199 89.477775574
34 120 1 1 8053 8041 34245 16 89.477775574 89.344444275
34 93 2 0 8041 8011 36045 19 89.344444275 89.011108398
35 84 1 1 8011 7993 37575 16 89.011108398 88.811111450
36 104 1 1 7993 7967 38925 14 88.811111450 88.522224426
32 102 2 0 7967 7961 40545 17 88.522224426 88.455558777
31 50 1 7 7961 7960 42435 20 88.455558777 88.444442749
38 20 0 5 7960 7957 43605 12 88.444442749 88.411109924
34 9 2 0 7957 7953 44955 14 88.411109924 88.366668701
44 20 0 5 7953 7950 45855 9 88.366668701 88.333335876
30 62 2 0 7950 7937 47565 18 88.333335876 88.188888550
31 59 1 6 7937 7914 49275 18 88.188888550 87.933334351
30 106 0 1 7914 7908 51345 22 87.933334351 87.866668701
28 30 1 6 7908 7899 53685 25 87.866668701 87.766670227
28 126 1 2 7899 7879 56205 27 87.766670227 87.544441223
28 70 2 0 7879 7867 59085 31 87.544441223 87.411109924
28 41 0 7 7867 7864 61965 31 87.411109924 87.377777100
27 17 1 4 7864 7853 65025 33 87.377777100 87.255554199
24 78 1 6 7853 7851 69705 51 87.255554199 87.233329773
