SetMedian AvgDist: 103.74445 TotalDist: 16155
Q 3333333333333433443454454555555555556556655656655666555554445444656667777700700070766767767677777767770777070001111111111111111221112112221222122212222222222323
Mean AvgDist: 95.67778 TotalDist: 216855
Q 333333333434344445445455455555555555555655565665566655555455555566777777700101000777677777777777777707707000011011111111111121112121222122222222232232232323
Time taken by program is : 17.52621sec
62 0 2 0 9337 9294 16425 1 103.744445801 103.266670227
60 0 2 0 9294 9262 16605 1 103.266670227 102.911109924
56 0 2 0 9262 9241 16785 1 102.911109924 102.677780151
52 95 1 7 9241 9188 16965 1 102.677780151 102.088890076
50 80 2 0 9188 9157 17145 1 102.088890076 101.744445801
46 80 0 7 9157 9154 17415 2 101.744445801 101.711112976
50 81 2 0 9154 9125 17685 2 101.711112976 101.388885498
42 123 2 0 9125 9104 18315 6 101.388885498 101.155555725
48 153 0 3 9104 9096 18675 3 101.155555725 101.066665649
42 87 0 7 9096 9083 19125 4 101.066665649 100.922225952
41 59 1 5 9083 9043 19665 5 100.922225952 100.477775574
42 108 2 0 9043 9019 20205 5 100.477775574 100.211112976
42 108 0 0 9019 9018 20655 4 100.211112976 100.199996948
40 85 2 0 9018 9002 21105 4 100.199996948 100.022224426
42 130 2 0 9002 9001 21555 4 100.022224426 100.011108398
39 33 1 5 9001 8965 22365 8 100.011108398 99.611114502
36 73 1 1 8965 8936 23175 8 99.611114502 99.288887024
64 65 0 7 8936 8925 23355 1 99.288887024 99.166664124
42 83 2 0 8925 8922 23715 3 99.166664124 99.133331299
44 73 0 1 8922 8917 23985 2 99.133331299 99.077774048
44 79 2 0 8917 8904 24255 2 99.077774048 98.933334351
52 87 0 7 8904 8900 24435 1 98.933334351 98.888885498
38 109 2 0 8900 8894 24975 5 98.888885498 98.822219849
35 66 1 7 8894 8889 26055 11 98.822219849 98.766670227
44 80 2 0 8889 8888 26415 3 98.766670227 98.755554199
58 152 0 3 8888 8885 26595 1 98.755554199 98.722221375
40 80 2 0 8885 8882 27405 8 98.722221375 98.688888550
38 15 0 4 8882 8862 28125 7 98.688888550 98.466667175
48 0 2 0 8862 8857 28485 3 98.466667175 98.411109924
38 128 2 0 8857 8852 29115 6 98.411109924 98.355552673
50 151 0 3 8852 8849 29475 3 98.355552673 98.322219849
38 15 1 5 8849 8843 30195 7 98.322219849 98.255554199
38 150 0 2 8843 8827 30915 7 98.255554199 98.077774048
36 10 0 4 8827 8825 31905 10 98.077774048 98.055557251
36 152 2 0 8825 8816 32805 9 98.055557251 97.955558777
35 61 1 5 8816 8776 33885 11 97.955558777 97.511108398
31 98 1 7 8776 8773 35685 19 97.511108398 97.477775574
36 102 0 7 8773 8770 36855 12 97.477775574 97.444442749
30 55 2 0 8770 8767 38565 18 97.444442749 97.411109924
30 56 1 5 8767 8758 40275 18 97.411109924 97.311111450
29 138 1 2 8758 8753 42075 19 97.311111450 97.255554199
28 102 0 7 8753 8752 44055 21 97.255554199 97.244445801
28 148 0 3 8752 8748 45945 20 97.244445801 97.199996948
42 151 2 0 8748 8739 46215 2 97.199996948 97.099998474
32 86 2 0 8739 8737 47655 15 97.099998474 97.077774048
29 127 1 2 8737 8730 49455 19 97.077774048 97.000000000
27 58 1 5 8730 8723 52065 28 97.000000000 96.922225952
42 80 2 0 8723 8720 52245 1 96.922225952 96.888885498
28 71 1 0 8720 8718 54855 28 96.888885498 96.866668701
36 102 0 0 8718 8715 55665 8 96.866668701 96.833335876
28 38 1 5 8715 8701 58365 29 96.833335876 96.677780151
26 107 0 1 8701 8698 61875 38 96.677780151 96.644447327
30 101 2 0 8698 8690 63585 18 96.644447327 96.555557251
29 79 1 7 8690 8688 65655 22 96.555557251 96.533332825
26 83 0 6 8688 8686 68535 31 96.533332825 96.511108398
32 79 2 0 8686 8683 69705 12 96.511108398 96.477775574
30 131 2 0 8683 8682 71325 17 96.477775574 96.466667175
30 100 0 0 8682 8680 73575 24 96.466667175 96.444442749
25 12 1 4 8680 8667 77265 40 96.444442749 96.300003052
26 10 0 3 8667 8660 80865 39 96.300003052 96.222221375
28 21 1 5 8660 8653 83385 27 96.222221375 96.144447327
26 19 1 4 8653 8652 85995 28 96.144447327 96.133331299
27 104 1 0 8652 8651 88695 29 96.133331299 96.122222900
44 83 0 7 8651 8650 89145 4 96.122222900 96.111114502
24 62 1 5 8650 8646 94005 53 96.111114502 96.066665649
22 63 1 6 8646 8645 100575 72 96.066665649 96.055557251
34 80 2 0 8645 8644 101475 9 96.055557251 96.044441223
26 110 2 0 8644 8643 104715 35 96.044441223 96.033332825
42 101 0 7 8643 8641 105345 6 96.033332825 96.011108398
26 111 2 0 8641 8636 108315 32 96.011108398 95.955558777
40 134 0 2 8636 8635 108765 4 95.955558777 95.944442749
38 127 2 0 8635 8634 109395 6 95.944442749 95.933334351
38 134 0 2 8634 8632 109845 4 95.933334351 95.911109924
21 99 1 0 8632 8630 117855 88 95.911109924 95.888885498
40 131 2 0 8630 8627 118395 5 95.888885498 95.855552673
27 108 1 1 8627 8624 121185 30 95.855552673 95.822219849
32 145 0 3 8624 8621 122535 14 95.822219849 95.788887024
28 135 2 0 8621 8618 125145 28 95.788887024 95.755554199
20 20 0 5 8618 8612 134145 99 95.755554199 95.688888550
26 66 1 7 8612 8611 136845 29 95.688888550 95.677780151
