SetMedian AvgDist: 144.77777 TotalDist: 16155
R 33333333333433443444545545555556565665676676676765544444455445454454545556677777770011100011011000000065555655555555655677777701011101100011111111210111111111111211121121122222223232333
Mean AvgDist: 133.56667 TotalDist: 455355
R 333333333443444454555555556566666666766776766554445444544445444545455566777770001000100010001000000707766556556555565656767770111111111211111212111211121121121112112212222222323233
Time taken by program is : 45.32209sec
138 99 0 7 13030 13014 16335 0 144.777770996 144.600006104
96 0 2 0 13014 12951 16425 0 144.600006104 143.899993896
70 0 2 0 12951 12915 16695 2 143.899993896 143.500000000
64 100 0 7 12915 12880 16965 2 143.500000000 143.111114502
66 103 2 0 12880 12863 17145 1 143.111114502 142.922225952
64 134 2 0 12863 12783 17415 2 142.922225952 142.033340454
62 134 2 0 12783 12707 17865 4 142.033340454 141.188888550
58 81 0 1 12707 12700 18405 5 141.188888550 141.111114502
58 180 2 0 12700 12678 18855 4 141.111114502 140.866668701
56 0 2 0 12678 12653 19485 6 140.866668701 140.588882446
56 0 2 0 12653 12649 20205 7 140.588882446 140.544448853
52 42 0 7 12649 12626 21195 10 140.544448853 140.288894653
48 145 2 0 12626 12565 22365 12 140.288894653 139.611114502
46 127 1 1 12565 12522 23535 12 139.611114502 139.133331299
50 131 2 0 12522 12456 24615 11 139.133331299 138.399993896
41 133 1 1 12456 12410 26415 19 138.399993896 137.888885498
40 33 1 6 12410 12377 28575 23 137.888885498 137.522216797
38 80 0 0 12377 12361 31005 26 137.522216797 137.344451904
38 120 2 0 12361 12336 32985 21 137.344451904 137.066665649
34 7 2 0 12336 12320 35775 30 137.066665649 136.888885498
32 136 0 2 12320 12315 39555 41 136.888885498 136.833328247
40 125 2 0 12315 12314 41265 18 136.833328247 136.822219849
38 143 0 2 12314 12312 43065 19 136.822219849 136.800003052
42 125 2 0 12312 12302 44595 16 136.800003052 136.688888550
38 109 0 6 12302 12296 46665 22 136.688888550 136.622222900
42 110 2 0 12296 12288 48105 15 136.622222900 136.533340454
32 76 1 0 12288 12268 52155 44 136.533340454 136.311111450
38 82 2 0 12268 12267 54585 26 136.311111450 136.300003052
52 79 0 1 12267 12263 55395 8 136.300003052 136.255554199
38 81 2 0 12263 12261 57735 25 136.255554199 136.233337402
34 88 1 0 12261 12243 60705 32 136.233337402 136.033340454
33 100 1 7 12243 12210 64485 41 136.033340454 135.666671753
36 87 0 0 12210 12206 67365 31 135.666671753 135.622222900
30 19 1 5 12206 12195 72315 54 135.622222900 135.500000000
30 146 0 2 12195 12186 76725 48 135.500000000 135.399993896
40 110 2 0 12186 12184 78435 18 135.399993896 135.377777100
36 104 0 6 12184 12183 80775 25 135.377777100 135.366668701
42 103 2 0 12183 12178 81765 10 135.366668701 135.311111450
60 114 0 5 12178 12173 82215 4 135.311111450 135.255554199
36 116 2 0 12173 12171 84555 25 135.255554199 135.233337402
58 115 0 5 12171 12167 85005 4 135.233337402 135.188888550
32 164 1 2 12167 12160 89145 45 135.188888550 135.111114502
30 150 1 2 12160 12149 93735 50 135.111114502 134.988891602
30 92 1 0 12149 12136 98145 48 134.988891602 134.844451904
30 29 1 6 12136 12130 102735 50 134.844451904 134.777770996
32 34 2 0 12130 12128 106425 40 134.777770996 134.755554199
32 38 0 7 12128 12126 110475 44 134.755554199 134.733337402
29 49 1 5 12126 12115 115605 56 134.733337402 134.611114502
27 120 1 6 12115 12110 121365 63 134.611114502 134.555557251
26 77 1 0 12110 12096 127575 68 134.555557251 134.399993896
26 54 1 4 12096 12085 134055 71 134.399993896 134.277770996
27 9 1 3 12085 12084 140085 66 134.277770996 134.266662598
25 114 1 6 12084 12080 147375 80 134.266662598 134.222229004
23 88 1 0 12080 12079 156195 97 134.222229004 134.211105347
25 87 1 1 12079 12073 163215 77 134.211105347 134.144439697
23 153 1 2 12073 12072 172035 97 134.144439697 134.133331299
22 15 0 4 12072 12065 182115 111 134.133331299 134.055557251
24 39 2 0 12065 12064 190125 88 134.055557251 134.044448853
22 47 0 5 12064 12057 201375 124 134.044448853 133.966659546
20 60 2 0 12057 12055 214425 144 133.966659546 133.944442749
29 47 1 4 12055 12053 219465 55 133.944442749 133.922225952
30 47 0 5 12053 12046 224055 50 133.922225952 133.844451904
23 98 1 0 12046 12045 232245 90 133.844451904 133.833328247
24 99 1 7 12045 12044 239355 78 133.833328247 133.822219849
20 45 1 6 12044 12038 253755 159 133.822219849 133.755554199
16 83 1 0 12038 12033 275445 240 133.755554199 133.699996948
8 59 0 4 12033 12028 323955 538 133.699996948 133.644439697
16 18 2 0 12028 12025 349515 283 133.644439697 133.611114502
23 9 1 4 12025 12021 358335 97 133.611114502 133.566665649
