SetMedian AvgDist: 128.94444 TotalDist: 16155
T 33333333333333343345567777767777677767776655556555555556555655555555555555556777770001111111111112111111211111121200777776776707700111122333322333333333333332333
Mean AvgDist: 121.46667 TotalDist: 381195
T 33333333333343455566776777777777777777766556555555655555655565555556555656677770111111112111121111111121121111100777777777777777700111122333333333333333323333333333
Time taken by program is : 43.03933sec
250 141 0 3 11605 11591 16515 2 128.944442749 128.788894653
212 142 0 3 11591 11581 16875 3 128.788894653 128.677780151
154 143 0 3 11581 11579 17325 4 128.677780151 128.655548096
108 115 0 7 11579 11536 17955 6 128.655548096 128.177780151
86 146 0 3 11536 11535 18855 9 128.177780151 128.166671753
82 0 2 0 11535 11518 19935 11 128.166671753 127.977775574
78 0 2 0 11518 11504 21015 11 127.977775574 127.822219849
76 0 2 0 11504 11501 22095 11 127.822219849 127.788887024
68 135 2 0 11501 11492 23355 13 127.788887024 127.688888550
94 143 0 3 11492 11489 24255 9 127.688888550 127.655555725
70 135 2 0 11489 11481 25515 13 127.655555725 127.566665649
60 119 0 7 11481 11437 26955 15 127.566665649 127.077774048
62 120 0 7 11437 11407 28395 15 127.077774048 126.744445801
68 137 2 0 11407 11406 29655 13 126.744445801 126.733329773
98 144 0 3 11406 11404 30375 7 126.733329773 126.711112976
66 121 0 7 11404 11384 31635 13 126.711112976 126.488891602
58 122 0 7 11384 11377 32985 14 126.488891602 126.411109924
50 29 0 7 11377 11365 35055 22 126.411109924 126.277778625
54 30 0 7 11365 11353 36945 20 126.277778625 126.144447327
50 41 2 0 11353 11330 39375 26 126.144447327 125.888885498
52 41 2 0 11330 11321 41355 21 125.888885498 125.788887024
45 81 1 1 11321 11281 44415 33 125.788887024 125.344444275
42 123 1 7 11281 11247 47925 38 125.344444275 124.966667175
44 112 2 0 11247 11229 51075 34 124.966667175 124.766670227
38 44 2 0 11229 11225 54585 38 124.766670227 124.722221375
38 141 2 0 11225 11220 58275 40 124.722221375 124.666664124
38 124 2 0 11220 11205 61695 37 124.666664124 124.500000000
39 125 1 7 11205 11176 65115 37 124.500000000 124.177780151
35 24 1 7 11176 11161 68805 40 124.177780151 124.011108398
36 31 1 7 11161 11143 72675 42 124.011108398 123.811111450
33 79 1 1 11143 11135 77355 51 123.811111450 123.722221375
32 70 1 6 11135 11121 82485 56 123.722221375 123.566665649
34 51 0 5 11121 11117 86625 45 123.566665649 123.522224426
32 108 2 0 11117 11097 92205 61 123.522224426 123.300003052
46 109 0 1 11097 11089 94905 29 123.300003052 123.211112976
34 110 2 0 11089 11082 99315 48 123.211112976 123.133331299
32 86 0 2 11082 11070 104355 55 123.133331299 123.000000000
30 14 1 5 11070 11067 109845 60 123.000000000 122.966667175
30 35 2 0 11067 11065 115695 64 122.966667175 122.944442749
28 59 1 6 11065 11047 121635 65 122.944442749 122.744445801
26 66 1 6 11047 11043 127665 66 122.744445801 122.699996948
28 51 1 5 11043 11036 133425 63 122.699996948 122.622222900
30 143 2 0 11036 11035 138825 59 122.622222900 122.611114502
158 157 0 3 11035 11027 139365 5 122.611114502 122.522224426
25 14 1 4 11027 11018 146205 75 122.522224426 122.422225952
30 38 0 7 11018 11017 151515 58 122.422225952 122.411109924
23 50 1 6 11017 11011 159795 91 122.411109924 122.344444275
28 74 1 6 11011 11003 166095 69 122.344444275 122.255554199
40 19 2 0 11003 11002 169605 38 122.255554199 122.244445801
24 15 1 5 11002 10989 177165 83 122.244445801 122.099998474
26 17 1 6 10989 10980 183645 71 122.099998474 122.000000000
22 88 1 2 10980 10979 191565 87 122.000000000 121.988891602
28 101 0 1 10979 10975 196965 59 121.988891602 121.944442749
40 85 2 0 10975 10961 200385 37 121.944442749 121.788887024
28 101 0 1 10961 10960 205875 60 121.788887024 121.777778625
26 88 2 0 10960 10956 211905 66 121.777778625 121.733329773
22 104 1 2 10956 10953 220005 89 121.733329773 121.699996948
22 158 1 3 10953 10949 228015 88 121.699996948 121.655555725
20 13 0 4 10949 10947 236475 93 121.655555725 121.633331299
26 14 2 0 10947 10943 242505 66 121.633331299 121.588890076
76 13 0 3 10943 10942 243495 10 121.588890076 121.577774048
20 15 1 5 10942 10938 252855 103 121.577774048 121.533332825
16 153 0 2 10938 10933 268515 173 121.533332825 121.477775574
8 22 1 6 10933 10932 301995 371 121.477775574 121.466667175
