SetMedian AvgDist: 178.21111 TotalDist: 16155
U 333445456555555555565555655556565665655666677667677777777700011011111111111111211211211211122212344556555555566555555555565555554323322222221122112111121111121111111111
Mean AvgDist: 167.58888 TotalDist: 887895
U 333445555555555655565555656556555656556666666677770221112111211121111211112121121111212233344455555556555655655655655565555555566777001111111121112111121112111111121111112111112
Time taken by program is : 117.61699sec
172 98 0 5 16039 16002 16605 3 178.211105347 177.800003052
106 133 0 0 16002 15999 17595 10 177.800003052 177.766662598
96 99 0 5 15999 15977 18585 10 177.766662598 177.522216797
70 134 0 1 15977 15954 20025 15 177.522216797 177.266662598
82 135 0 1 15954 15933 21195 12 177.266662598 177.033340454
82 136 0 1 15933 15921 22365 12 177.033340454 176.899993896
66 137 0 1 15921 15913 23805 15 176.899993896 176.811111450
70 138 0 1 15913 15904 25155 14 176.811111450 176.711105347
66 43 2 0 15904 15862 26775 17 176.711105347 176.244445801
64 43 2 0 15862 15839 28575 19 176.244445801 175.988891602
62 93 0 3 15839 15810 30375 19 175.988891602 175.666671753
58 48 2 0 15810 15793 32355 21 175.666671753 175.477783203
58 47 2 0 15793 15778 34425 22 175.477783203 175.311111450
56 59 0 1 15778 15775 36495 22 175.311111450 175.277770996
58 47 2 0 15775 15763 38655 23 175.277770996 175.144439697
54 137 1 1 15763 15730 41175 27 175.144439697 174.777770996
66 136 0 1 15730 15729 42885 18 174.777770996 174.766662598
54 48 2 0 15729 15724 45315 26 174.766662598 174.711105347
54 47 2 0 15724 15714 47745 26 174.711105347 174.600006104
52 45 2 0 15714 15712 50355 28 174.600006104 174.577774048
60 56 0 1 15712 15710 52605 24 174.577774048 174.555557251
48 57 1 2 15710 15674 55935 36 174.555557251 174.155548096
48 142 1 1 15674 15632 59355 37 174.155548096 173.688888550
46 135 2 0 15632 15626 62775 37 173.688888550 173.622222900
42 8 2 0 15626 15608 66825 44 173.622222900 173.422225952
42 49 2 0 15608 15599 70965 45 173.422225952 173.322219849
318 44 0 7 15599 15598 71145 1 173.322219849 173.311111450
42 105 0 5 15598 15577 75465 47 173.311111450 173.077774048
42 106 0 5 15577 15567 79785 47 173.077774048 172.966659546
44 129 1 1 15567 15566 83925 45 172.966659546 172.955551147
48 100 0 6 15566 15550 87075 34 172.955551147 172.777770996
42 87 1 3 15550 15507 90855 41 172.777770996 172.300003052
56 89 1 4 15507 15448 93465 28 172.300003052 171.644439697
44 94 1 5 15448 15428 97065 39 171.644439697 171.422225952
39 66 1 2 15428 15410 101295 46 171.422225952 171.222229004
38 130 2 0 15410 15408 105525 46 171.222229004 171.199996948
40 50 1 2 15408 15407 109845 47 171.199996948 171.188888550
38 51 1 2 15407 15398 114345 49 171.188888550 171.088882446
37 171 1 2 15398 15385 119025 51 171.088882446 170.944442749
37 140 1 1 15385 15365 123705 51 170.944442749 170.722229004
54 129 0 0 15365 15364 126315 28 170.722229004 170.711105347
42 128 1 0 15364 15353 129825 38 170.711105347 170.588882446
45 127 1 7 15353 15342 133155 36 170.588882446 170.466659546
80 126 0 6 15342 15340 134505 14 170.466659546 170.444442749
288 127 0 7 15340 15337 134595 0 170.444442749 170.411117554
256 128 0 7 15337 15329 134685 0 170.411117554 170.322219849
44 129 1 7 15329 15310 138465 41 170.322219849 170.111114502
38 108 0 5 15310 15309 143235 52 170.111114502 170.100006104
34 144 1 1 15309 15298 148635 59 170.100006104 169.977783203
34 97 2 0 15298 15288 154395 63 169.977783203 169.866668701
35 90 1 4 15288 15273 159795 59 169.866668701 169.699996948
32 108 2 0 15273 15271 165645 64 169.699996948 169.677780151
74 124 0 6 15271 15267 166905 13 169.677780151 169.633331299
31 80 1 1 15267 15262 173295 70 169.633331299 169.577774048
31 71 1 1 15262 15260 179955 73 169.577774048 169.555557251
39 49 1 2 15260 15259 184635 51 169.555557251 169.544448853
78 42 0 7 15259 15258 185895 13 169.544448853 169.533340454
32 6 1 5 15258 15244 191925 66 169.533340454 169.377777100
30 69 1 2 15244 15235 198765 75 169.377777100 169.277770996
29 61 1 2 15235 15226 205785 77 169.277770996 169.177780151
29 134 1 1 15226 15223 213075 80 169.177780151 169.144439697
29 152 1 1 15223 15215 220185 78 169.144439697 169.055557251
46 132 2 0 15215 15214 223785 39 169.055557251 169.044448853
30 50 1 7 15214 15213 230535 74 169.044448853 169.033340454
28 32 2 0 15213 15209 238455 87 169.033340454 168.988891602
28 50 1 0 15209 15207 247635 101 168.988891602 168.966659546
27 144 1 1 15207 15201 256995 103 168.966659546 168.899993896
27 141 1 1 15201 15195 266355 103 168.899993896 168.833328247
27 63 1 2 15195 15192 275805 104 168.833328247 168.800003052
27 168 1 2 15192 15187 285615 108 168.800003052 168.744445801
28 146 1 1 15187 15185 294975 103 168.744445801 168.722229004
30 168 0 1 15185 15180 302715 85 168.722229004 168.666671753
25 111 1 6 15180 15173 314415 129 168.666671753 168.588882446
24 162 1 2 15173 15172 326925 138 168.588882446 168.577774048
27 164 1 1 15172 15170 337545 117 168.577774048 168.555557251
28 154 2 0 15170 15165 346185 95 168.555557251 168.500000000
32 157 1 1 15165 15164 352485 69 168.500000000 168.488891602
24 30 1 5 15164 15156 364545 133 168.488891602 168.399993896
24 119 1 5 15156 15154 377505 143 168.399993896 168.377777100
54 127 2 0 15154 15153 379845 25 168.377777100 168.366668701
27 125 1 6 15153 15149 390015 112 168.366668701 168.322219849
25 106 1 6 15149 15148 402345 136 168.322219849 168.311111450
44 108 0 5 15148 15144 406215 42 168.311111450 168.266662598
44 125 2 0 15144 15143 410085 42 168.266662598 168.255554199
29 66 1 1 15143 15142 418455 92 168.255554199 168.244445801
37 86 1 3 15142 15141 423675 57 168.244445801 168.233337402
36 74 0 1 15141 15137 429795 67 168.233337402 168.188888550
31 73 1 2 15137 15136 436725 76 168.188888550 168.177780151
28 83 1 2 15136 15125 446175 104 168.177780151 168.055557251
23 104 1 6 15125 15116 461115 165 168.055557251 167.955551147
22 52 1 2 15116 15114 476055 165 167.955551147 167.933334351
22 118 0 6 15114 15113 491445 170 167.933334351 167.922225952
21 15 1 6 15113 15108 508185 185 167.922225952 167.866668701
50 18 0 5 15108 15107 511425 35 167.866668701 167.855560303
30 20 2 0 15107 15099 519345 87 167.855560303 167.766662598
17 25 1 6 15099 15097 545445 289 167.766662598 167.744445801
38 23 0 5 15097 15095 550755 58 167.744445801 167.722229004
56 42 2 0 15095 15094 553005 24 167.722229004 167.711105347
12 114 2 0 15094 15093 592155 434 167.711105347 167.699996948
14 132 0 0 15093 15091 628155 399 167.699996948 167.677780151
22 145 1 2 15091 15090 644085 176 167.677780151 167.666671753
10 63 0 1 15090 15087 689355 502 167.666671753 167.633331299
54 44 2 0 15087 15084 692055 29 167.633331299 167.600006104
2 45 0 6 15084 15083 784935 1031 167.600006104 167.588882446
