SetMedian AvgDist: 140.34445 TotalDist: 16155
V 333455456556765565665656655656656566556665656656665565676777701011121111111111121111111111112111111212343445555555555555555554212212112122121212121221122121123
Mean AvgDist: 131.87778 TotalDist: 404775
V 33344545556556565565665565665556656565656555656677770010111111111111111111111111111111112233344455555555555655655555555554221121211212112121211122111211112121
Time taken by program is : 42.84898sec
120 110 0 6 12631 12626 16605 3 140.344451904 140.288894653
156 105 0 5 12626 12619 16785 1 140.288894653 140.211105347
96 106 0 5 12619 12617 17235 4 140.211105347 140.188888550
78 12 2 0 12617 12533 17865 6 140.188888550 139.255554199
68 106 0 5 12533 12520 18585 7 139.255554199 139.111114502
56 61 2 0 12520 12500 19395 8 139.111114502 138.888885498
54 4 2 0 12500 12466 20295 9 138.888885498 138.511108398
70 7 2 0 12466 12407 21195 9 138.511108398 137.855560303
68 126 0 1 12407 12404 22095 9 137.855560303 137.822219849
54 52 2 0 12404 12374 23265 12 137.822219849 137.488891602
52 15 2 0 12374 12352 24525 13 137.488891602 137.244445801
52 9 2 0 12352 12318 25785 13 137.244445801 136.866668701
52 124 0 1 12318 12317 26955 12 136.866668701 136.855560303
90 103 0 6 12317 12316 27495 5 136.855560303 136.844451904
52 57 2 0 12316 12297 28665 12 136.844451904 136.633331299
52 157 1 1 12297 12240 29925 13 136.633331299 136.000000000
50 14 2 0 12240 12227 31365 15 136.000000000 135.855560303
50 17 2 0 12227 12212 32625 13 135.855560303 135.688888550
48 126 0 1 12212 12203 34245 17 135.688888550 135.588882446
58 121 2 0 12203 12196 35235 10 135.588882446 135.511108398
48 9 2 0 12196 12195 36855 17 135.511108398 135.500000000
46 120 2 0 12195 12194 38835 21 135.500000000 135.488891602
44 97 0 5 12194 12177 40815 21 135.488891602 135.300003052
38 89 1 3 12177 12154 44055 35 135.300003052 135.044448853
52 100 2 0 12154 12152 45495 15 135.044448853 135.022216797
42 90 1 3 12152 12119 47835 25 135.022216797 134.655548096
41 93 1 4 12119 12076 50175 25 134.655548096 134.177780151
38 4 2 0 12076 12056 53505 36 134.177780151 133.955551147
35 145 1 1 12056 12038 57645 45 133.955551147 133.755554199
74 119 0 1 12038 12037 58635 10 133.755554199 133.744445801
34 80 1 1 12037 12030 63135 49 133.744445801 133.666671753
33 67 1 1 12030 12020 67905 52 133.666671753 133.555557251
58 8 0 6 12020 12019 69345 15 133.555557251 133.544448853
36 36 2 0 12019 12016 73395 44 133.544448853 133.511108398
54 9 0 6 12016 12014 74835 15 133.511108398 133.488891602
33 141 1 1 12014 12008 79515 51 133.488891602 133.422225952
33 56 1 1 12008 11997 84195 51 133.422225952 133.300003052
33 133 1 1 11997 11986 88785 50 133.300003052 133.177780151
46 148 0 1 11986 11985 91035 24 133.177780151 133.166671753
48 120 2 0 11985 11976 92925 20 133.166671753 133.066665649
33 98 1 5 11976 11961 97605 51 133.066665649 132.899993896
31 150 1 1 11961 11959 103095 60 132.899993896 132.877777100
30 106 0 6 11959 11957 108855 63 132.877777100 132.855560303
60 103 2 0 11957 11955 109935 11 132.855560303 132.833328247
30 99 1 5 11955 11952 115515 61 132.833328247 132.800003052
29 84 1 2 11952 11950 121815 69 132.800003052 132.777770996
28 153 0 1 11950 11943 128925 78 132.777770996 132.699996948
24 25 0 5 11943 11941 138735 108 132.699996948 132.677780151
56 8 2 0 11941 11929 139995 13 132.677780151 132.544448853
46 8 2 0 11929 11926 142155 23 132.544448853 132.511108398
32 30 0 5 11926 11912 147375 57 132.511108398 132.355560303
24 41 1 5 11912 11911 157275 109 132.355560303 132.344451904
34 39 2 0 11911 11910 161865 50 132.344451904 132.333328247
24 33 0 5 11910 11907 172215 114 132.333328247 132.300003052
24 91 1 4 11907 11901 183015 119 132.300003052 132.233337402
22 108 1 6 11901 11897 195075 133 132.233337402 132.188888550
48 121 2 0 11897 11895 197055 21 132.188888550 132.166671753
32 153 0 1 11895 11894 202815 63 132.166671753 132.155548096
40 143 2 0 11894 11889 206595 41 132.155548096 132.100006104
26 151 1 2 11889 11883 215685 100 132.100006104 132.033340454
24 123 0 1 11883 11882 226395 118 132.033340454 132.022216797
18 87 1 2 11882 11881 244575 201 132.022216797 132.011108398
34 84 1 1 11881 11875 249345 52 132.011108398 131.944442749
15 6 1 4 11875 11873 273645 269 131.944442749 131.922225952
44 55 0 0 11873 11872 275985 25 131.922225952 131.911117554
8 92 0 3 11872 11869 317925 465 131.911117554 131.877777100
