SetMedian AvgDist: 224.80000 TotalDist: 16155
W 333344555545566765556555555655565556566567666767777777001110766656666665676777001110111111111111111101111111111101111121244545545455555455555555555555422222222122121212111122345454555565655555554332322221221111111111111111212121
Mean AvgDist: 207.18889 TotalDist: 1810125
W 33344455555555556555656555665566555656655666677777000101011111110766556566565665676777001111111111121111111111111111111122333445455555555565555655555555422121111111111212234445555556555655554322212121112112112121121111211111111112
Time taken by program is : 338.22849sec
110 54 0 1 20232 20192 16335 0 224.800003052 224.355560303
118 55 0 1 20192 20156 16425 0 224.355560303 223.955551147
86 53 0 1 20156 20131 16695 2 223.955551147 223.677780151
74 52 0 1 20131 20115 17055 3 223.677780151 223.500000000
70 53 0 1 20115 20107 17595 5 223.500000000 223.411117554
64 124 1 3 20107 20019 18315 7 223.411117554 222.433334351
60 15 2 0 20019 19943 19125 8 222.433334351 221.588882446
58 202 1 1 19943 19888 19845 7 221.588882446 220.977783203
56 129 2 0 19888 19866 20655 8 220.977783203 220.733337402
58 124 1 3 19866 19794 21375 7 220.733337402 219.933334351
52 104 2 0 19794 19742 22185 8 219.933334351 219.355560303
52 197 0 2 19742 19733 22995 8 219.355560303 219.255554199
52 198 1 1 19733 19702 23985 10 219.255554199 218.911117554
51 153 1 7 19702 19691 24975 10 218.911117554 218.788894653
66 153 2 0 19691 19640 25605 6 218.788894653 218.222229004
51 155 1 7 19640 19638 26685 11 218.222229004 218.199996948
60 155 2 0 19638 19589 27405 7 218.199996948 217.655548096
50 197 1 1 19589 19558 28485 11 217.655548096 217.311111450
48 194 1 1 19558 19557 29835 14 217.311111450 217.300003052
48 126 2 0 19557 19539 31365 16 217.300003052 217.100006104
45 224 1 1 19539 19507 33345 21 217.100006104 216.744445801
44 77 1 5 19507 19504 35595 24 216.744445801 216.711105347
50 78 0 7 19504 19501 36765 12 216.711105347 216.677780151
48 65 0 5 19501 19498 38205 15 216.677780151 216.644439697
48 117 2 0 19498 19441 39915 18 216.644439697 216.011108398
44 86 2 0 19441 19414 42165 24 216.011108398 215.711105347
42 86 2 0 19414 19401 44865 29 215.711105347 215.566665649
42 67 0 5 19401 19391 47835 32 215.566665649 215.455551147
41 120 1 2 19391 19366 50535 29 215.455551147 215.177780151
40 143 0 6 19366 19365 53145 28 215.177780151 215.166671753
41 136 1 5 19365 19344 55485 25 215.166671753 214.933334351
48 127 2 0 19344 19335 57285 19 214.933334351 214.833328247
39 202 1 1 19335 19315 60165 31 214.833328247 214.611114502
39 10 1 5 19315 19268 62955 30 214.611114502 214.088882446
38 87 2 0 19268 19267 66285 36 214.088882446 214.077774048
36 13 2 0 19267 19259 70155 42 214.077774048 213.988891602
36 78 1 7 19259 19258 73665 38 213.988891602 213.977783203
38 72 0 5 19258 19254 76995 36 213.977783203 213.933334351
40 64 2 0 19254 19237 79785 30 213.933334351 213.744445801
36 54 1 2 19237 19225 83835 44 213.744445801 213.611114502
50 52 0 1 19225 19223 85365 16 213.611114502 213.588882446
36 55 2 0 19223 19206 89145 41 213.588882446 213.399993896
44 33 0 5 19206 19205 91395 24 213.399993896 213.388885498
35 199 1 1 19205 19197 96165 52 213.388885498 213.300003052
35 128 1 5 19197 19182 101115 54 213.300003052 213.133331299
35 13 1 5 19182 19161 105975 53 213.133331299 212.899993896
34 41 2 0 19161 19160 111015 55 212.899993896 212.888885498
36 53 1 1 19160 19137 115965 54 212.888885498 212.633331299
34 206 0 2 19137 19115 121095 56 212.633331299 212.388885498
32 3 1 4 19115 19104 127125 66 212.388885498 212.266662598
34 5 0 5 19104 19103 131805 51 212.266662598 212.255554199
35 6 1 5 19103 19101 136575 52 212.255554199 212.233337402
32 191 1 4 19101 19086 142425 64 212.233337402 212.066665649
32 177 1 6 19086 19072 149175 74 212.066665649 211.911117554
36 177 2 0 19072 19067 153675 49 211.911117554 211.855560303
31 202 1 1 19067 19058 160785 78 211.855560303 211.755554199
34 208 0 2 19058 19048 166005 57 211.755554199 211.644439697
36 191 2 0 19048 19042 169785 41 211.644439697 211.577774048
30 75 1 5 19042 19037 176985 79 211.577774048 211.522216797
36 67 0 5 19037 19034 181755 52 211.522216797 211.488891602
30 182 0 5 19034 19021 189495 85 211.488891602 211.344451904
30 160 1 0 19021 19015 196605 78 211.344451904 211.277770996
48 160 2 0 19015 18989 198495 20 211.277770996 210.988891602
29 217 1 2 18989 18984 206235 85 210.988891602 210.933334351
34 226 1 1 18984 18983 211635 59 210.933334351 210.922225952
34 227 1 2 18983 18978 216675 55 210.922225952 210.866668701
30 210 0 2 18978 18977 223965 80 210.866668701 210.855560303
36 223 1 1 18977 18975 228195 46 210.855560303 210.833328247
34 208 1 1 18975 18969 233415 57 210.833328247 210.766662598
28 25 1 6 18969 18967 242595 101 210.766662598 210.744445801
28 34 1 6 18967 18959 250515 87 210.744445801 210.655548096
27 29 1 6 18959 18956 259965 104 210.655548096 210.622222900
27 213 1 2 18956 18951 269595 106 210.622222900 210.566665649
27 161 1 1 18951 18927 278775 101 210.566665649 210.300003052
30 158 2 0 18927 18922 286155 81 210.300003052 210.244445801
27 170 1 3 18922 18921 295605 104 210.244445801 210.233337402
28 158 1 0 18921 18917 304425 97 210.233337402 210.188888550
34 158 2 0 18917 18906 309555 56 210.188888550 210.066665649
30 161 0 1 18906 18904 316665 78 210.066665649 210.044448853
26 88 1 2 18904 18900 326115 104 210.044448853 210.000000000
35 88 1 1 18900 18886 330975 53 210.000000000 209.844451904
26 45 2 0 18886 18875 340695 107 209.844451904 209.722229004
44 49 0 0 18875 18867 342945 24 209.722229004 209.633331299
26 68 1 5 18867 18863 353385 115 209.633331299 209.588882446
27 59 1 1 18863 18846 363015 106 209.588882446 209.399993896
34 66 2 0 18846 18845 367605 50 209.399993896 209.388885498
25 146 1 6 18845 18841 378855 124 209.388885498 209.344451904
24 190 0 3 18841 18828 390915 133 209.344451904 209.199996948
38 192 2 0 18828 18827 394605 40 209.199996948 209.188888550
25 166 1 2 18827 18824 406575 132 209.188888550 209.155548096
25 163 1 1 18824 18808 418725 134 209.155548096 208.977783203
24 55 1 0 18808 18800 430965 135 208.977783203 208.888885498
24 200 1 2 18800 18798 444285 147 208.888885498 208.866668701
30 201 1 1 18798 18797 451665 81 208.866668701 208.855560303
32 216 1 1 18797 18795 457335 62 208.855560303 208.833328247
24 123 1 3 18795 18783 471735 159 208.833328247 208.699996948
32 126 0 5 18783 18782 477675 65 208.699996948 208.688888550
23 58 1 1 18782 18781 493425 174 208.688888550 208.677780151
30 51 2 0 18781 18780 500175 74 208.677780151 208.666671753
22 21 1 6 18780 18775 516825 184 208.666671753 208.611114502
26 15 0 5 18775 18771 527895 122 208.611114502 208.566665649
22 51 1 1 18771 18764 547695 219 208.566665649 208.488891602
28 49 0 0 18764 18763 556875 101 208.488891602 208.477783203
29 49 1 7 18763 18762 564435 83 208.477783203 208.466659546
21 194 1 2 18762 18755 585315 231 208.466659546 208.388885498
24 218 0 2 18755 18753 599625 158 208.388885498 208.366668701
26 174 2 0 18753 18752 611055 126 208.366668701 208.355560303
24 183 1 5 18752 18750 624465 148 208.355560303 208.333328247
21 99 1 2 18750 18745 644805 225 208.333328247 208.277770996
21 204 1 2 18745 18742 665505 229 208.277770996 208.244445801
29 205 1 1 18742 18740 673965 93 208.244445801 208.222229004
23 207 1 2 18740 18737 689355 170 208.222229004 208.188888550
20 153 2 0 18737 18727 711405 244 208.188888550 208.077774048
34 155 0 1 18727 18722 716355 54 208.077774048 208.022216797
24 159 2 0 18722 18721 731205 164 208.022216797 208.011108398
17 157 1 1 18721 18713 763425 357 208.011108398 207.922225952
22 162 1 1 18713 18711 782235 208 207.922225952 207.899993896
17 42 1 6 18711 18707 814185 354 207.899993896 207.855560303
34 35 2 0 18707 18706 819315 56 207.855560303 207.844451904
32 66 0 6 18706 18705 825435 67 207.844451904 207.833328247
28 49 0 0 18705 18699 833715 91 207.833328247 207.766662598
28 49 1 7 18699 18698 842355 95 207.766662598 207.755554199
26 77 2 0 18698 18693 854325 132 207.755554199 207.699996948
29 76 1 5 18693 18689 862245 87 207.699996948 207.655548096
16 184 1 6 18689 18686 897075 386 207.655548096 207.622222900
15 54 1 0 18686 18683 936405 436 207.622222900 207.588882446
16 50 1 0 18683 18680 974025 417 207.588882446 207.555557251
26 53 2 0 18680 18678 985275 124 207.555557251 207.533340454
20 44 0 6 18678 18675 1007235 243 207.533340454 207.500000000
18 138 1 6 18675 18674 1033695 293 207.500000000 207.488891602
23 148 1 5 18674 18670 1049715 177 207.488891602 207.444442749
15 158 1 1 18670 18668 1088505 430 207.444442749 207.422225952
15 5 1 4 18668 18662 1127655 434 207.422225952 207.355560303
13 50 1 0 18662 18661 1176885 546 207.355560303 207.344451904
11 40 1 5 18661 18658 1236825 665 207.344451904 207.311111450
10 80 1 6 18658 18656 1305135 758 207.311111450 207.288894653
18 78 1 6 18656 18655 1335825 340 207.288894653 207.277770996
34 82 1 7 18655 18653 1340145 47 207.277770996 207.255554199
25 79 1 5 18653 18651 1352475 136 207.255554199 207.233337402
11 82 1 6 18651 18650 1410615 645 207.233337402 207.222229004
10 200 0 1 18650 18649 1479285 762 207.222229004 207.211105347
5 170 1 2 18649 18648 1578915 1106 207.211105347 207.199996948
8 174 0 4 18648 18647 1659825 898 207.199996948 207.188888550
