SetMedian AvgDist: 160.66667 TotalDist: 16155
X 33345555656656566656666566655554554445444544545556777770000100000010766665665666666566777701111111222112221232222221110010001000111111111233444444544445543322122212222221222
Mean AvgDist: 148.77777 TotalDist: 609885
X 33334445554555565666656665666656665555454544454445445455667777700000010001000766666656665665667677770111112221222222221222111010011000100111112334444444221122121222
Time taken by program is : 55.55118sec
216 2 0 4 14460 14393 16335 0 160.666671753 159.922225952
154 0 0 3 14393 14274 16515 1 159.922225952 158.600006104
102 143 2 0 14274 14208 17055 5 158.600006104 157.866668701
100 153 2 0 14208 14132 17685 6 157.866668701 157.022216797
92 155 2 0 14132 14073 18315 6 157.022216797 156.366668701
92 143 2 0 14073 14033 18945 6 156.366668701 155.922225952
86 152 2 0 14033 13998 19665 7 155.922225952 155.533340454
86 147 2 0 13998 13970 20385 7 155.533340454 155.222229004
84 143 2 0 13970 13951 21105 7 155.222229004 155.011108398
84 143 2 0 13951 13943 22005 9 155.011108398 154.922225952
80 149 2 0 13943 13941 22995 10 154.922225952 154.899993896
80 144 2 0 13941 13940 24075 11 154.899993896 154.888885498
78 141 2 0 13940 13932 25605 16 154.888885498 154.800003052
74 147 2 0 13932 13922 27315 18 154.800003052 154.688888550
70 147 2 0 13922 13894 29205 20 154.688888550 154.377777100
64 149 2 0 13894 13870 31185 21 154.377777100 154.111114502
66 140 2 0 13870 13850 33165 21 154.111114502 153.888885498
66 146 2 0 13850 13841 35145 21 153.888885498 153.788894653
62 12 0 6 13841 13827 37305 23 153.788894653 153.633331299
72 8 0 4 13827 13798 39195 20 153.633331299 153.311111450
70 6 0 5 13798 13792 40905 18 153.311111450 153.244445801
62 150 2 0 13792 13785 43155 24 153.244445801 153.166671753
58 152 2 0 13785 13777 45585 26 153.166671753 153.077774048
84 149 0 2 13777 13769 46755 12 153.077774048 152.988891602
56 154 2 0 13769 13766 49365 28 152.988891602 152.955551147
100 152 0 2 13766 13764 50355 10 152.955551147 152.933334351
56 114 2 0 13764 13693 53055 29 152.933334351 152.144439697
54 7 0 5 13693 13691 55845 30 152.144439697 152.122222900
49 5 1 4 13691 13640 58725 31 152.122222900 151.555557251
48 146 0 5 13640 13638 61785 33 151.555557251 151.533340454
112 146 0 4 13638 13636 62685 9 151.533340454 151.511108398
108 147 0 4 13636 13633 63405 7 151.511108398 151.477783203
76 148 2 0 13633 13623 65205 19 151.477783203 151.366668701
54 156 2 0 13623 13622 68085 31 151.366668701 151.355560303
46 6 0 4 13622 13621 71685 39 151.355560303 151.344451904
42 125 2 0 13621 13602 75825 45 151.344451904 151.133331299
80 152 0 2 13602 13599 77085 13 151.133331299 151.100006104
50 157 2 0 13599 13595 80055 32 151.100006104 151.055557251
108 153 0 2 13595 13590 80775 7 151.055557251 151.000000000
42 77 2 0 13590 13584 84735 43 151.000000000 150.933334351
56 92 0 7 13584 13583 87255 27 150.933334351 150.922225952
42 99 2 0 13583 13558 91305 44 150.922225952 150.644439697
38 7 2 0 13558 13553 96255 54 150.644439697 150.588882446
32 98 2 0 13553 13548 102645 70 150.588882446 150.533340454
33 107 1 2 13548 13538 108945 69 150.533340454 150.422225952
31 111 1 2 13538 13529 115695 74 150.422225952 150.322219849
28 133 1 0 13529 13502 123615 87 150.322219849 150.022216797
30 152 0 1 13502 13501 131265 84 150.022216797 150.011108398
58 148 2 0 13501 13500 133695 26 150.011108398 150.000000000
28 66 0 0 13500 13498 141525 86 150.000000000 149.977783203
32 74 2 0 13498 13497 148185 73 149.977783203 149.966659546
28 70 0 1 13497 13493 156015 86 149.966659546 149.922225952
40 67 2 0 13493 13484 160245 46 149.922225952 149.822219849
34 72 0 1 13484 13478 166005 63 149.822219849 149.755554199
27 40 1 4 13478 13473 174645 95 149.755554199 149.699996948
26 116 1 1 13473 13463 183735 100 149.699996948 149.588882446
24 8 2 0 13463 13455 193725 110 149.588882446 149.500000000
25 18 1 6 13455 13449 203625 109 149.500000000 149.433334351
21 139 1 2 13449 13443 216315 140 149.433334351 149.366668701
23 126 1 1 13443 13442 227115 119 149.366668701 149.355560303
21 68 1 0 13442 13439 239445 136 149.355560303 149.322219849
20 141 0 3 13439 13434 254475 166 149.322219849 149.266662598
54 153 2 0 13434 13433 257715 35 149.266662598 149.255554199
20 132 1 0 13433 13431 272025 158 149.255554199 149.233337402
20 91 0 6 13431 13430 286875 164 149.233337402 149.222229004
44 79 2 0 13430 13425 290835 43 149.222229004 149.166671753
23 85 1 5 13425 13414 301995 123 149.166671753 149.044448853
20 40 0 5 13414 13412 315405 148 149.044448853 149.022216797
24 9 0 5 13412 13408 325125 107 149.022216797 148.977783203
27 56 1 6 13408 13407 333585 93 148.977783203 148.966659546
20 14 2 0 13407 13402 347445 153 148.966659546 148.911117554
17 68 1 1 13402 13399 366885 215 148.911117554 148.877777100
16 156 1 1 13399 13398 387945 233 148.877777100 148.866668701
21 155 1 2 13398 13396 400005 133 148.866668701 148.844451904
6 14 0 5 13396 13391 453915 598 148.844451904 148.788894653
4 83 0 6 13391 13390 517455 705 148.788894653 148.777770996
