SetMedian AvgDist: 158.83333 TotalDist: 16155
Z 3333333333333333333333333333434445546565566666666667666767655433333333333333333333333334334544555676777077077777777777777777777777777776777777777001111122122232232232322223222222200777777777777777677777700011112333
Mean AvgDist: 147.24445 TotalDist: 445095
Z 3333333333333343333343344455566566666666666666666666665433333333333333333333333334445556677777777777777777777777777777777677777777700111112222222222222222222222222222107777777777777777777700111122323
Time taken by program is : 66.86983sec
102 0 2 0 14295 14222 16965 7 158.833328247 158.022216797
96 0 2 0 14222 14156 17685 7 158.022216797 157.288894653
92 0 2 0 14156 14097 18405 7 157.288894653 156.633331299
82 0 2 0 14097 14058 19125 7 156.633331299 156.199996948
76 154 0 2 14058 14036 19935 8 156.199996948 155.955551147
86 155 0 2 14036 14031 20745 8 155.955551147 155.899993896
76 0 2 0 14031 14000 21555 8 155.899993896 155.555557251
76 57 2 0 14000 13968 22545 10 155.555557251 155.199996948
76 97 2 0 13968 13902 23445 9 155.199996948 154.466659546
68 57 2 0 13902 13877 24615 12 154.466659546 154.188888550
66 0 2 0 13877 13858 25785 12 154.188888550 153.977783203
64 56 2 0 13858 13844 26955 12 153.977783203 153.822219849
62 0 2 0 13844 13834 28125 12 153.822219849 153.711105347
62 55 2 0 13834 13831 29295 12 153.711105347 153.677780151
58 0 2 0 13831 13827 30645 14 153.677780151 153.633331299
58 93 2 0 13827 13776 31995 14 153.633331299 153.066665649
66 88 2 0 13776 13758 33165 12 153.066665649 152.866668701
64 47 0 6 13758 13728 34515 14 152.866668701 152.533340454
66 48 0 6 13728 13694 35865 14 152.533340454 152.155548096
60 90 2 0 13694 13691 37305 15 152.155548096 152.122222900
56 152 0 2 13691 13687 39105 19 152.122222900 152.077774048
56 185 2 0 13687 13637 40995 20 152.077774048 151.522216797
54 49 0 6 13637 13629 42975 21 151.522216797 151.433334351
54 147 2 0 13629 13600 44955 21 151.433334351 151.111114502
52 89 2 0 13600 13598 47385 26 151.111114502 151.088882446
136 121 0 7 13598 13595 48285 9 151.088882446 151.055557251
48 170 2 0 13595 13583 50985 29 151.055557251 150.922225952
48 153 2 0 13583 13566 53865 31 150.922225952 150.733337402
54 154 0 2 13566 13548 56025 23 150.733337402 150.533340454
42 141 1 2 13548 13528 59535 38 150.533340454 150.311111450
42 149 2 0 13528 13519 62865 36 150.311111450 150.211105347
50 154 0 2 13519 13512 65745 31 150.211105347 150.133331299
42 155 2 0 13512 13505 69255 38 150.133331299 150.055557251
41 52 1 6 13505 13461 73035 41 150.055557251 149.566665649
39 78 1 3 13461 13441 77355 47 149.566665649 149.344451904
37 31 1 6 13441 13413 81855 49 149.344451904 149.033340454
35 27 1 5 13413 13377 86535 51 149.033340454 148.633331299
34 159 0 2 13377 13372 91305 52 148.633331299 148.577774048
44 160 2 0 13372 13364 94905 39 148.577774048 148.488891602
32 82 2 0 13364 13322 100125 57 148.488891602 148.022216797
32 43 1 6 13322 13308 105705 61 148.022216797 147.866668701
26 28 2 0 13308 13307 112185 71 147.866668701 147.855560303
44 22 0 3 13307 13306 115785 39 147.855560303 147.844451904
60 0 2 0 13306 13303 117585 19 147.844451904 147.811111450
28 49 1 6 13303 13291 123885 69 147.811111450 147.677780151
26 189 1 1 13291 13280 131085 79 147.677780151 147.555557251
52 140 0 3 13280 13279 133515 26 147.555557251 147.544448853
22 194 1 2 13279 13274 142965 104 147.544448853 147.488891602
21 53 1 6 13274 13270 153495 116 147.488891602 147.444442749
19 140 1 2 13270 13266 165825 136 147.444442749 147.399993896
10 13 1 4 13266 13262 195615 330 147.399993896 147.355560303
104 13 0 3 13262 13261 196605 10 147.355560303 147.344451904
64 81 0 3 13261 13260 198225 17 147.344451904 147.333328247
18 26 2 0 13260 13259 211005 141 147.333328247 147.322219849
6 198 1 2 13259 13255 262485 571 147.322219849 147.277770996
6 142 1 3 13255 13254 320895 648 147.277770996 147.266662598
15 167 1 1 13254 13253 339165 202 147.266662598 147.255554199
44 142 2 0 13253 13252 342585 37 147.255554199 147.244445801
