SetMedian AvgDist: 115.80000 TotalDist: 32310
C 3333333334344545555566670001007776776666665656656556655555565545434333433333332333333333333333333345567677677777777677777777777777777770707000101111111111111212112112212122212222223323
Mean AvgDist: 105.76667 TotalDist: 971010
C 33333334344545555555666677770011110777676666666656656556555555544434343333333333333333233333344555666767767767777777777777777777077070000101111111111111121121222122222222322323323
Time taken by program is : 103.93888sec
194 22 0 7 20844 20748 33030 2 115.800003052 115.266670227
142 66 2 0 20748 20655 33570 2 115.266670227 114.750000000
138 102 2 0 20655 20576 34110 2 114.750000000 114.311111450
130 67 2 0 20576 20488 34650 2 114.311111450 113.822219849
110 67 2 0 20488 20423 35730 5 113.822219849 113.461112976
104 23 0 7 20423 20363 37170 7 113.461112976 113.127777100
104 0 2 0 20363 20340 38610 7 113.127777100 113.000000000
126 11 0 5 20340 20315 39510 4 113.000000000 112.861114502
96 61 2 0 20315 20150 40950 7 112.861114502 111.944442749
102 76 2 0 20150 20039 42390 7 111.944442749 111.327774048
104 69 2 0 20039 20020 43830 7 111.327774048 111.222221375
94 0 2 0 20020 20019 45450 8 111.222221375 111.216667175
142 11 0 5 20019 19998 46350 4 111.216667175 111.099998474
94 168 1 2 19998 19912 47790 7 111.099998474 110.622222900
92 99 2 0 19912 19864 49590 9 110.622222900 110.355552673
82 44 2 0 19864 19795 52470 15 110.355552673 109.972221375
80 100 2 0 19795 19781 55710 17 109.972221375 109.894447327
82 174 0 3 19781 19777 59130 18 109.894447327 109.872222900
78 28 1 1 19777 19740 62730 19 109.872222900 109.666664124
76 20 0 5 19740 19701 66330 19 109.666664124 109.449996948
78 25 1 7 19701 19642 69750 18 109.449996948 109.122222900
80 49 2 0 19642 19592 72630 15 109.122222900 108.844444275
79 14 1 5 19592 19562 75510 15 108.844444275 108.677780151
76 86 0 2 19562 19542 78750 17 108.677780151 108.566665649
86 68 2 0 19542 19537 80910 11 108.566665649 108.538887024
86 88 0 2 19537 19527 83070 11 108.538887024 108.483329773
84 68 2 0 19527 19511 85230 11 108.483329773 108.394447327
72 50 2 0 19511 19504 90270 27 108.394447327 108.355552673
71 160 1 2 19504 19468 95490 28 108.355552673 108.155555725
68 148 2 0 19468 19436 100890 29 108.155555725 107.977775574
64 21 0 5 19436 19432 106830 32 107.977775574 107.955558777
82 10 2 0 19432 19421 110070 17 107.955558777 107.894447327
62 91 0 4 19421 19394 116370 34 107.894447327 107.744445801
60 172 0 2 19394 19348 123030 36 107.744445801 107.488891602
60 20 1 6 19348 19299 129870 37 107.488891602 107.216667175
76 20 0 5 19299 19292 133290 18 107.216667175 107.177780151
84 10 2 0 19292 19288 135990 14 107.177780151 107.155555725
74 20 0 5 19288 19287 139950 21 107.155555725 107.150001526
56 160 2 0 19287 19279 148050 44 107.150001526 107.105552673
55 29 1 1 19279 19278 157050 49 107.105552673 107.099998474
54 102 0 6 19278 19265 166230 50 107.099998474 107.027778625
72 99 2 0 19265 19254 170010 20 107.027778625 106.966667175
84 131 0 0 19254 19253 172170 11 106.966667175 106.961112976
55 157 1 2 19253 19245 181170 49 106.961112976 106.916664124
51 52 1 5 19245 19228 191970 59 106.916664124 106.822219849
72 54 2 0 19228 19225 196110 22 106.822219849 106.805557251
70 50 0 5 19225 19223 200970 26 106.805557251 106.794441223
46 93 2 0 19223 19216 215550 80 106.794441223 106.755554199
122 84 0 3 19216 19205 216630 5 106.755554199 106.694442749
66 50 2 0 19205 19204 223110 35 106.694442749 106.688888550
52 39 0 6 19204 19202 234090 60 106.688888550 106.677780151
56 41 2 0 19202 19200 243630 52 106.677780151 106.666664124
80 50 0 5 19200 19199 247050 18 106.666664124 106.661109924
48 63 1 4 19199 19198 260370 73 106.661109924 106.655555725
82 68 2 0 19198 19196 263430 16 106.655555725 106.644447327
102 65 0 3 19196 19188 265050 8 106.644447327 106.599998474
64 40 0 6 19188 19184 272250 39 106.599998474 106.577774048
66 89 2 0 19184 19182 278370 33 106.577774048 106.566665649
54 37 2 0 19182 19181 288450 55 106.566665649 106.561111450
47 32 1 1 19181 19180 302130 75 106.561111450 106.555557251
52 37 0 6 19180 19176 313470 62 106.555557251 106.533332825
43 20 1 6 19176 19158 330030 91 106.533332825 106.433334351
41 169 1 3 19158 19157 348570 102 106.433334351 106.427780151
39 132 1 0 19157 19156 369810 117 106.427780151 106.422225952
48 130 0 7 19156 19141 383310 74 106.422225952 106.338890076
88 102 2 0 19141 19133 385650 12 106.338890076 106.294441223
47 131 1 7 19133 19115 399510 76 106.294441223 106.194442749
38 8 1 4 19115 19108 421470 121 106.194442749 106.155555725
34 97 1 5 19108 19090 448110 147 106.155555725 106.055557251
34 103 0 6 19090 19082 475290 150 106.055557251 106.011108398
32 12 1 4 19082 19077 507330 177 106.011108398 105.983329773
78 100 2 0 19077 19076 510750 18 105.983329773 105.977775574
128 107 0 7 19076 19069 511470 3 105.977775574 105.938888550
45 8 1 3 19069 19065 527130 86 105.938888550 105.916664124
33 105 1 6 19065 19053 556110 160 105.916664124 105.849998474
26 41 2 0 19053 19052 603270 261 105.849998474 105.844444275
24 29 1 0 19052 19049 656370 294 105.844444275 105.827774048
6 33 0 1 19049 19038 784890 713 105.827774048 105.766670227
