SetMedian AvgDist: 105.56667 TotalDist: 32310
D 33333333434343444454544455454555555655555655656666666766767767677677777777777770770001111222211211211122121121221111222100112222
Mean AvgDist: 98.48333 TotalDist: 473670
D 33333333343334334344344444444545455555555555556566566666667667677677777777777777777777700011111121211112112111211111111211111111111112122
Time taken by program is : 32.48295sec
662 0 0 3 19002 18808 32670 0 105.566665649 104.488891602
460 0 0 3 18808 18719 32850 0 104.488891602 103.994445801
140 125 0 1 18719 18648 33750 4 103.994445801 103.599998474
89 121 1 1 18648 18548 36630 15 103.599998474 103.044441223
84 12 0 3 18548 18533 40230 19 103.044441223 102.961112976
84 115 1 1 18533 18446 43650 18 102.961112976 102.477775574
81 110 1 1 18446 18391 46710 16 102.477775574 102.172225952
88 94 0 1 18391 18319 49410 14 102.172225952 101.772224426
98 95 0 1 18319 18272 51030 8 101.772224426 101.511108398
96 96 0 1 18272 18248 52650 8 101.511108398 101.377777100
74 70 1 7 18248 18212 56250 19 101.377777100 101.177780151
70 84 0 7 18212 18201 60570 23 101.177780151 101.116668701
71 40 1 5 18201 18144 63810 17 101.116668701 100.800003052
70 129 2 0 18144 18129 67050 17 100.800003052 100.716667175
70 112 1 1 18129 18071 70290 17 100.716667175 100.394447327
68 130 1 1 18071 18019 73890 19 100.394447327 100.105552673
66 134 1 1 18019 18004 78030 22 100.105552673 100.022224426
63 127 1 1 18004 17941 82710 25 100.022224426 99.672225952
60 23 2 0 17941 17891 88110 29 99.672225952 99.394447327
62 18 0 4 17891 17883 92970 26 99.394447327 99.349998474
108 0 2 0 17883 17877 94410 7 99.349998474 99.316665649
59 103 1 1 17877 17863 99270 26 99.316665649 99.238891602
62 97 2 0 17863 17862 103770 24 99.238891602 99.233329773
66 97 0 1 17862 17855 108450 25 99.233329773 99.194442749
57 116 1 1 17855 17841 113490 27 99.194442749 99.116668701
55 100 1 1 17841 17830 118710 28 99.116668701 99.055557251
52 84 1 7 17830 17826 125010 34 99.055557251 99.033332825
70 67 2 0 17826 17821 128610 19 99.033332825 99.005554199
51 47 1 6 17821 17811 135810 39 99.005554199 98.949996948
52 66 1 7 17811 17810 143730 43 98.949996948 98.944442749
58 7 0 4 17810 17809 148770 27 98.944442749 98.938888550
48 20 2 0 17809 17805 158670 54 98.938888550 98.916664124
62 45 0 5 17805 17801 162990 23 98.916664124 98.894447327
52 24 1 4 17801 17792 170190 39 98.894447327 98.844444275
108 0 2 0 17792 17791 171090 4 98.844444275 98.838890076
46 9 0 4 17791 17790 182610 63 98.838890076 98.833335876
60 6 2 0 17790 17789 187110 24 98.833335876 98.827774048
90 12 0 3 17789 17785 189270 11 98.827774048 98.805557251
40 132 0 1 17785 17772 205470 89 98.805557251 98.733329773
48 33 2 0 17772 17771 215550 55 98.733329773 98.727775574
74 8 0 3 17771 17766 218430 15 98.727775574 98.699996948
58 10 2 0 17766 17761 224010 30 98.699996948 98.672225952
43 95 1 2 17761 17744 238230 78 98.672225952 98.577774048
66 45 0 5 17744 17743 242550 23 98.577774048 98.572219849
48 28 2 0 17743 17742 252270 53 98.572219849 98.566665649
58 15 0 3 17742 17737 258030 31 98.566665649 98.538887024
45 124 1 1 17737 17730 269550 63 98.538887024 98.500000000
37 103 1 2 17730 17729 290790 117 98.500000000 98.494445801
48 99 1 1 17729 17727 300690 54 98.494445801 98.483329773
