SetMedian AvgDist: 178.06111 TotalDist: 32310
E 333333333333334466777776767677777777677776655555555433323333333333334345566777777677707667777676555555655544333333333333433333233345556767777777777777777777777077000111111111211107001123232211121111201112223233232333333
Mean AvgDist: 162.25000 TotalDist: 1283850
E 33333333333444556667777777777777777767777665555555433333333333333333445566767776777777777776777665556555433333333333333333323333445556676777777777777777777777777777777700111111112112121121112112121112111121112223233233233333
Time taken by program is : 122.68246sec
412 134 0 7 32051 31988 32850 1 178.061111450 177.711105347
356 135 0 7 31988 31944 33210 1 177.711105347 177.466659546
306 136 0 7 31944 31891 34110 4 177.466659546 177.172225952
254 137 0 7 31891 31848 35010 4 177.172225952 176.933334351
196 87 0 7 31848 31831 36270 6 176.933334351 176.838882446
188 108 0 3 31831 31824 37530 6 176.838882446 176.800003052
172 140 0 7 31824 31814 38970 7 176.800003052 176.744445801
156 186 2 0 31814 31564 41130 11 176.744445801 175.355560303
150 15 0 5 31564 31508 43290 11 175.355560303 175.044448853
156 0 2 0 31508 31482 45450 11 175.044448853 174.899993896
150 141 0 7 31482 31476 47610 11 174.899993896 174.866668701
140 0 2 0 31476 31467 50130 13 174.866668701 174.816665649
134 134 0 6 31467 31431 52650 13 174.816665649 174.616668701
122 192 2 0 31431 31276 55710 16 174.616668701 173.755554199
172 216 0 3 31276 31275 57330 8 173.755554199 173.750000000
116 193 2 0 31275 31124 60390 16 173.750000000 172.911117554
116 84 2 0 31124 31015 63450 16 172.911117554 172.305557251
182 86 0 7 31015 31013 64710 6 172.305557251 172.294448853
110 107 2 0 31013 31011 68130 18 172.294448853 172.283340454
104 35 0 7 31011 31007 71910 20 172.283340454 172.261108398
106 97 2 0 31007 30921 75690 20 172.261108398 171.783340454
146 74 0 7 30921 30917 78210 13 171.783340454 171.761108398
138 127 0 3 30917 30915 80730 13 171.761108398 171.750000000
104 43 2 0 30915 30890 84510 20 171.750000000 171.611114502
162 54 0 3 30890 30888 86490 10 171.611114502 171.600006104
104 98 2 0 30888 30833 90630 22 171.600006104 171.294448853
102 188 1 1 30833 30684 94590 21 171.294448853 170.466659546
102 186 2 0 30684 30546 98550 21 170.466659546 169.699996948
96 55 2 0 30546 30501 102870 23 169.699996948 169.449996948
94 126 2 0 30501 30472 107190 23 169.449996948 169.288894653
92 88 2 0 30472 30397 111510 23 169.288894653 168.872222900
92 118 1 3 30397 30322 116010 24 168.872222900 168.455551147
92 88 0 7 30322 30320 120330 23 168.455551147 168.444442749
91 201 1 1 30320 30208 124830 24 168.444442749 167.822219849
88 184 1 2 30208 30073 130590 31 167.822219849 167.072219849
82 97 2 0 30073 30050 137250 36 167.072219849 166.944442749
81 24 1 7 30050 29970 143910 36 166.944442749 166.500000000
80 133 2 0 29970 29968 150930 38 166.500000000 166.488891602
88 187 0 1 29968 29917 156690 31 166.488891602 166.205551147
83 163 1 7 29917 29870 163530 37 166.205551147 165.944442749
76 132 1 6 29870 29803 171810 45 165.944442749 165.572219849
264 105 0 3 29803 29801 172530 3 165.572219849 165.561111450
86 134 2 0 29801 29798 179190 36 165.561111450 165.544448853
74 106 1 3 29798 29763 187830 47 165.544448853 165.350006104
74 68 2 0 29763 29756 196830 49 165.350006104 165.311111450
68 139 0 7 29756 29732 207090 56 165.311111450 165.177780151
86 133 2 0 29732 29718 213750 36 165.177780151 165.100006104
84 139 0 7 29718 29711 220770 38 165.100006104 165.061111450
94 133 2 0 29711 29710 225990 28 165.061111450 165.055557251
76 139 0 7 29710 29702 234270 45 165.055557251 165.011108398
106 133 2 0 29702 29685 238590 23 165.011108398 164.916671753
78 139 0 7 29685 29680 246870 45 164.916671753 164.888885498
68 178 0 1 29680 29663 257130 56 164.888885498 164.794448853
100 210 2 0 29663 29662 261630 24 164.794448853 164.788894653
78 214 0 3 29662 29654 269550 43 164.788894653 164.744445801
96 216 2 0 29654 29653 274230 25 164.744445801 164.738891602
69 190 1 1 29653 29601 283950 53 164.738891602 164.449996948
66 96 0 6 29601 29589 295110 61 164.449996948 164.383331299
82 72 2 0 29589 29587 302670 41 164.383331299 164.372222900
90 87 0 7 29587 29586 308070 29 164.372222900 164.366668701
124 105 2 0 29586 29585 310590 13 164.366668701 164.361114502
94 73 2 0 29585 29581 315090 24 164.361114502 164.338882446
68 126 0 4 29581 29573 325350 56 164.338882446 164.294448853
63 14 1 5 29573 29510 337230 65 164.294448853 163.944442749
70 11 0 4 29510 29475 346410 50 163.944442749 163.750000000
64 28 2 0 29475 29466 358470 66 163.750000000 163.699996948
64 12 1 5 29466 29454 369450 60 163.699996948 163.633331299
61 27 1 7 29454 29424 382230 70 163.633331299 163.466659546
59 168 1 1 29424 29408 396270 77 163.466659546 163.377777100
58 127 2 0 29408 29380 410490 78 163.377777100 163.222229004
62 122 0 2 29380 29374 422910 68 163.222229004 163.188888550
56 67 0 3 29374 29349 437670 81 163.188888550 163.050003052
55 141 1 7 29349 29346 453510 87 163.050003052 163.033340454
60 184 0 1 29346 29345 467370 76 163.033340454 163.027770996
54 12 1 4 29345 29325 483210 87 163.027770996 162.916671753
50 23 1 7 29325 29302 501210 99 162.916671753 162.788894653
48 88 1 7 29302 29294 520830 108 162.788894653 162.744445801
42 128 0 3 29294 29286 544950 133 162.744445801 162.699996948
118 105 2 0 29286 29283 548010 16 162.699996948 162.683334351
42 203 2 0 29283 29281 572670 136 162.683334351 162.672225952
42 182 1 2 29281 29277 597510 137 162.672225952 162.649993896
45 177 1 2 29277 29272 619830 123 162.649993896 162.622222900
40 19 0 6 29272 29259 647370 152 162.622222900 162.550003052
84 18 2 0 29259 29255 654570 39 162.550003052 162.527770996
34 191 0 1 29255 29238 691830 206 162.527770996 162.433334351
28 75 0 6 29238 29234 742950 283 162.433334351 162.411117554
88 76 2 0 29234 29220 748710 31 162.411117554 162.333328247
45 93 1 7 29220 29218 770310 119 162.333328247 162.322219849
32 91 1 6 29218 29209 813150 237 162.322219849 162.272216797
14 132 0 5 29209 29207 929610 646 162.272216797 162.261108398
41 122 1 3 29207 29206 956250 147 162.261108398 162.255554199
27 123 1 2 29206 29205 1012230 310 162.255554199 162.250000000
