SetMedian AvgDist: 144.55000 TotalDist: 32310
F 333343344345445455667767777707776776707777766555555544333333233333333323432344455556777777776777777777776776555555555555555665567677701111122111111111111111011112011011211121121212122232323332333
Mean AvgDist: 133.00000 TotalDist: 1059930
F 333333333434455566776777777777777777777777766565555555433333333333333333334445566767777777767777777777776655565555555656566777701111111111211111211112111121111121111111212233233233233332333
Time taken by program is : 86.04486sec
452 4 0 3 26019 26015 32850 1 144.550003052 144.527770996
258 182 0 3 26015 26014 33570 3 144.527770996 144.522216797
172 183 0 3 26014 26013 34470 4 144.522216797 144.516662598
134 185 0 3 26013 26005 35730 6 144.516662598 144.472229004
130 75 2 0 26005 25862 36990 6 144.472229004 143.677780151
128 5 2 0 25862 25796 38250 6 143.677780151 143.311111450
202 8 0 3 25796 25790 38790 2 143.311111450 143.277770996
124 108 2 0 25790 25701 40590 9 143.277770996 142.783340454
122 138 2 0 25701 25591 42570 10 142.783340454 142.172225952
116 71 2 0 25591 25514 45090 13 142.172225952 141.744445801
118 45 0 5 25514 25506 47430 12 141.744445801 141.699996948
112 38 1 7 25506 25382 50130 14 141.699996948 141.011108398
112 20 0 7 25382 25372 53010 15 141.011108398 140.955551147
112 109 2 0 25372 25306 55710 14 140.955551147 140.588882446
110 160 2 0 25306 25169 58770 16 140.588882446 139.827774048
104 7 2 0 25169 25109 61650 15 139.827774048 139.494445801
96 56 2 0 25109 25098 65250 19 139.494445801 139.433334351
94 160 2 0 25098 24993 68850 19 139.433334351 138.850006104
94 29 1 7 24993 24892 72630 20 138.850006104 138.288894653
90 11 1 3 24892 24810 76590 21 138.288894653 137.833328247
132 0 2 0 24810 24809 78930 12 137.833328247 137.827774048
224 9 0 3 24809 24806 79470 2 137.827774048 137.811111450
89 126 1 7 24806 24758 83790 23 137.811111450 137.544448853
88 78 2 0 24758 24693 88290 24 137.544448853 137.183334351
86 181 0 3 24693 24683 92790 24 137.183334351 137.127777100
118 174 2 0 24683 24667 95490 14 137.127777100 137.038894653
120 174 2 0 24667 24658 98190 14 137.038894653 136.988891602
244 176 0 3 24658 24648 98730 2 136.988891602 136.933334351
82 106 2 0 24648 24631 104310 30 136.933334351 136.838882446
82 7 2 0 24631 24596 109890 30 136.838882446 136.644439697
80 71 1 3 24596 24547 115290 29 136.644439697 136.372222900
80 133 2 0 24547 24520 121050 31 136.372222900 136.222229004
82 148 2 0 24520 24448 126270 28 136.222229004 135.822219849
192 173 0 3 24448 24447 126990 3 135.822219849 135.816665649
88 180 0 3 24447 24445 131670 25 135.816665649 135.805557251
114 171 2 0 24445 24438 134370 14 135.805557251 135.766662598
112 171 2 0 24438 24433 137430 16 135.766662598 135.738891602
154 173 0 3 24433 24427 139230 9 135.738891602 135.705551147
140 174 0 3 24427 24419 141210 10 135.705551147 135.661117554
112 171 2 0 24419 24418 143910 14 135.661117554 135.655548096
78 32 0 7 24418 24410 149490 30 135.655548096 135.611114502
76 90 0 7 24410 24409 155790 34 135.611114502 135.605560303
74 54 0 5 24409 24408 162270 35 135.605560303 135.600006104
92 45 2 0 24408 24401 166590 23 135.600006104 135.561111450
74 61 2 0 24401 24388 172890 34 135.561111450 135.488891602
72 33 1 7 24388 24349 179910 38 135.488891602 135.272216797
78 18 2 0 24349 24336 186210 34 135.272216797 135.199996948
72 54 1 3 24336 24304 193410 39 135.199996948 135.022216797
138 44 0 5 24304 24302 195390 10 135.022216797 135.011108398
68 91 2 0 24302 24289 202950 41 135.011108398 134.938888550
61 35 1 7 24289 24283 211950 49 134.938888550 134.905548096
61 161 1 1 24283 24243 220950 49 134.905548096 134.683334351
62 166 1 1 24243 24213 230130 50 134.683334351 134.516662598
53 79 1 6 24213 24169 242010 65 134.516662598 134.272216797
55 118 1 5 24169 24168 252810 59 134.272216797 134.266662598
106 184 0 3 24168 24167 256230 18 134.266662598 134.261108398
80 105 2 0 24167 24159 262170 32 134.261108398 134.216659546
68 127 2 0 24159 24158 270270 44 134.216659546 134.211105347
59 121 1 6 24158 24132 279630 51 134.211105347 134.066665649
56 162 0 1 24132 24128 290070 57 134.066665649 134.044448853
64 127 2 0 24128 24114 298530 46 134.044448853 133.966659546
58 162 0 1 24114 24103 307530 49 133.966659546 133.905548096
51 163 1 1 24103 24095 320310 70 133.905548096 133.861114502
48 109 0 6 24095 24080 335070 81 133.861114502 133.777770996
72 105 2 0 24080 24077 342090 38 133.777770996 133.761108398
50 83 0 6 24077 24075 354690 69 133.761108398 133.750000000
51 91 1 7 24075 24074 366930 67 133.750000000 133.744445801
46 163 1 2 24074 24071 382230 84 133.744445801 133.727783203
46 145 1 2 24071 24055 398250 88 133.727783203 133.638885498
55 163 1 1 24055 24053 408870 58 133.638885498 133.627777100
60 128 2 0 24053 24052 417870 49 133.627777100 133.622222900
52 149 1 1 24052 24050 429390 63 133.622222900 133.611114502
45 119 1 6 24050 24041 445410 88 133.611114502 133.561111450
100 81 2 0 24041 24040 449730 23 133.561111450 133.555557251
88 116 0 5 24040 24038 454950 28 133.555557251 133.544448853
44 167 0 1 24038 24036 472050 94 133.544448853 133.533340454
118 172 2 0 24036 24035 474930 15 133.533340454 133.527770996
47 149 1 2 24035 24030 489870 82 133.527770996 133.500000000
196 173 0 3 24030 24029 490950 5 133.500000000 133.494445801
40 13 2 0 24029 24024 512370 118 133.494445801 133.466659546
44 13 1 5 24024 23998 529470 94 133.466659546 133.322219849
41 41 1 6 23998 23986 549090 108 133.322219849 133.255554199
86 45 2 0 23986 23983 554850 31 133.255554199 133.238891602
80 41 0 7 23983 23968 560790 32 133.238891602 133.155548096
52 42 0 7 23968 23967 572310 63 133.155548096 133.149993896
40 113 1 6 23967 23966 594630 123 133.149993896 133.144439697
40 160 1 2 23966 23964 616410 120 133.144439697 133.133331299
32 138 1 2 23964 23956 652230 198 133.133331299 133.088882446
27 105 1 6 23956 23952 698850 258 133.088882446 133.066665649
50 108 1 5 23952 23951 711270 68 133.066665649 133.061111450
22 110 0 6 23951 23950 773550 345 133.061111450 133.055557251
54 101 2 0 23950 23948 785070 63 133.055557251 133.044448853
56 113 1 5 23948 23946 795690 58 133.044448853 133.033340454
40 91 0 6 23946 23944 818190 124 133.033340454 133.022216797
64 106 2 0 23944 23940 826290 44 133.022216797 133.000000000
