SetMedian AvgDist: 180.28334 TotalDist: 32310
G 33333445555555566770077776776766666666656566555665544334333333433220001111112123333333332333334433344454554656566667766677777677767777777767777777777070001111011111111212212111122211222122223232232333233
Mean AvgDist: 168.47223 TotalDist: 1698930
G 333333343445455556566777707777677676666666566656565555555545444333333333333232200777700111122333333333333333333344455556666555655666666767767777777777777777777707700000101111111111111111212112122212222222222322323233
Time taken by program is : 160.38308sec
882 0 0 3 32451 32179 32670 0 180.283340454 178.772216797
572 0 0 3 32179 32072 33030 1 178.772216797 178.177780151
392 59 0 3 32072 32035 33570 2 178.177780151 177.972229004
310 60 0 3 32035 32023 34290 3 177.972229004 177.905548096
234 61 0 3 32023 32020 35550 6 177.905548096 177.888885498
222 54 0 4 32020 31999 36810 6 177.888885498 177.772216797
200 51 0 5 31999 31968 38250 7 177.772216797 177.600006104
186 24 0 7 31968 31948 39690 7 177.600006104 177.488891602
168 79 0 7 31948 31919 41130 7 177.488891602 177.327774048
544 78 0 7 31919 31916 41310 0 177.327774048 177.311111450
152 53 0 5 31916 31896 42930 8 177.311111450 177.199996948
146 75 0 2 31896 31878 44550 8 177.199996948 177.100006104
128 54 0 5 31878 31874 46530 10 177.100006104 177.077774048
110 82 2 0 31874 31872 49770 17 177.077774048 177.066665649
128 83 0 7 31872 31855 51570 9 177.066665649 176.972229004
110 85 2 0 31855 31774 54990 18 176.972229004 176.522216797
108 23 0 7 31774 31765 58410 18 176.522216797 176.472229004
106 86 2 0 31765 31721 62190 20 176.472229004 176.227783203
102 63 2 0 31721 31700 66690 24 176.227783203 176.111114502
94 63 2 0 31700 31686 72630 32 176.111114502 176.033340454
96 73 1 3 31686 31590 78570 32 176.033340454 175.500000000
94 24 2 0 31590 31568 84690 33 175.500000000 175.377777100
92 208 2 0 31568 31522 90450 31 175.377777100 175.122222900
94 99 2 0 31522 31466 96030 30 175.122222900 174.811111450
152 75 0 2 31466 31462 97830 9 174.811111450 174.788894653
92 89 2 0 31462 31437 103770 32 174.788894653 174.649993896
100 82 0 0 31437 31425 108270 24 174.649993896 174.583328247
292 82 0 7 31425 31400 108810 2 174.583328247 174.444442749
92 74 2 0 31400 31399 115110 34 174.444442749 174.438888550
90 169 0 1 31399 31391 121410 34 174.438888550 174.394439697
88 56 1 5 31391 31289 127890 35 174.394439697 173.827774048
88 11 2 0 31289 31276 134910 38 173.827774048 173.755554199
84 105 1 3 31276 31205 142650 42 173.755554199 173.361114502
79 116 1 5 31205 31105 151650 49 173.361114502 172.805557251
78 8 0 4 31105 31090 161010 51 172.805557251 172.722229004
77 149 1 7 31090 31046 170370 51 172.722229004 172.477783203
74 181 2 0 31046 31002 180630 56 172.477783203 172.233337402
78 196 0 2 31002 30984 190170 52 172.233337402 172.133331299
74 74 0 3 30984 30979 200610 57 172.133331299 172.105560303
104 62 2 0 30979 30976 205290 25 172.105560303 172.088882446
72 197 1 2 30976 30945 216090 59 172.088882446 171.916671753
72 74 0 3 30945 30941 226890 59 171.916671753 171.894439697
98 62 2 0 30941 30936 232650 31 171.894439697 171.866668701
72 74 0 3 30936 30935 243450 59 171.866668701 171.861114502
102 62 2 0 30935 30934 248490 27 171.861114502 171.855560303
70 202 2 0 30934 30927 259650 61 171.855560303 171.816665649
68 74 0 3 30927 30921 270810 61 171.816665649 171.783340454
86 58 2 0 30921 30919 278370 41 171.783340454 171.772216797
65 105 1 3 30919 30879 291690 73 171.772216797 171.550003052
64 179 0 1 30879 30868 305010 73 171.550003052 171.488891602
76 209 2 0 30868 30866 315270 56 171.488891602 171.477783203
66 165 0 0 30866 30833 328230 71 171.477783203 171.294448853
66 126 2 0 30833 30816 341190 71 171.294448853 171.199996948
128 118 0 5 30816 30810 343890 14 171.199996948 171.166671753
90 91 2 0 30810 30808 350550 36 171.166671753 171.155548096
74 120 0 5 30808 30804 361530 60 171.155548096 171.133331299
62 55 1 5 30804 30765 376650 83 171.133331299 170.916671753
102 48 0 5 30765 30761 381150 24 170.916671753 170.894439697
68 44 2 0 30761 30758 393390 67 170.894439697 170.877777100
64 42 0 5 30758 30753 407070 75 170.877777100 170.850006104
80 12 2 0 30753 30751 415170 44 170.850006104 170.838882446
76 11 0 5 30751 30745 423270 44 170.838882446 170.805557251
62 132 2 0 30745 30703 438750 85 170.805557251 170.572219849
68 132 2 0 30703 30684 450630 65 170.572219849 170.466659546
63 180 1 1 30684 30649 465570 82 170.466659546 170.272216797
61 170 1 1 30649 30648 481590 88 170.272216797 170.266662598
62 122 0 5 30648 30646 496530 82 170.266662598 170.255554199
62 194 1 2 30646 30620 511830 84 170.255554199 170.111114502
60 133 2 0 30620 30592 528030 89 170.111114502 169.955551147
60 165 2 0 30592 30591 543870 87 169.955551147 169.949996948
56 131 1 7 30591 30571 561510 97 169.949996948 169.838882446
58 114 1 5 30571 30546 578970 96 169.838882446 169.699996948
116 110 0 3 30546 30540 582930 21 169.699996948 169.666671753
60 126 0 5 30540 30539 598590 86 169.666671753 169.661117554
88 92 2 0 30539 30537 605250 36 169.661117554 169.649993896
54 157 1 0 30537 30515 624150 104 169.649993896 169.527770996
58 161 1 0 30515 30499 640710 91 169.527770996 169.438888550
63 187 1 2 30499 30467 655470 81 169.438888550 169.261108398
60 165 0 1 30467 30457 671850 90 169.261108398 169.205551147
128 110 0 3 30457 30456 674730 15 169.205551147 169.199996948
60 114 2 0 30456 30446 690750 88 169.199996948 169.144439697
52 194 2 0 30446 30427 709650 104 169.144439697 169.038894653
53 118 1 6 30427 30410 729090 107 169.038894653 168.944442749
62 118 0 5 30410 30404 743490 79 168.944442749 168.911117554
57 141 1 7 30404 30399 760950 96 168.911117554 168.883331299
56 118 1 6 30399 30380 778410 96 168.883331299 168.777770996
42 83 1 7 30380 30365 807210 159 168.777770996 168.694442749
42 9 2 0 30365 30364 836370 161 168.694442749 168.688888550
74 8 0 3 30364 30355 845910 52 168.688888550 168.638885498
43 17 1 6 30355 30345 874530 158 168.638885498 168.583328247
39 131 1 6 30345 30344 908550 188 168.583328247 168.577774048
39 7 1 4 30344 30343 941490 182 168.577774048 168.572219849
31 58 1 4 30343 30342 991530 277 168.572219849 168.566665649
18 80 0 0 30342 30336 1091790 556 168.566665649 168.533340454
19 85 1 0 30336 30331 1189350 541 168.533340454 168.505554199
2 122 0 6 30331 30325 1428030 1325 168.505554199 168.472229004
