SetMedian AvgDist: 180.18333 TotalDist: 32310
H 3333455554565555565555655434554467767655665555556555565655567767701111111111111111007777707065565555555565565555667777701111111111112111111111111111111211111121111122333344545555655555543334333333322112112111211112121121
Mean AvgDist: 165.99445 TotalDist: 1756710
H 33344555555555655555555555555565555656655565565556555555656677770111111112111111007777777777776655655655556556566777701111111211121121112111212112111112111111223344555555555555554333333333332211211121111111211121
Time taken by program is : 238.22270sec
214 83 0 7 32433 32401 33750 6 180.183334351 180.005554199
144 121 2 0 32401 32304 35910 11 180.005554199 179.466659546
138 27 0 5 32304 32302 38250 12 179.466659546 179.455551147
138 122 2 0 32302 32237 40230 10 179.455551147 179.094451904
134 122 2 0 32237 32178 42210 10 179.094451904 178.766662598
129 93 1 7 32178 32038 44370 11 178.766662598 177.988891602
126 122 2 0 32038 32003 46530 11 177.988891602 177.794448853
122 26 2 0 32003 31913 48690 11 177.794448853 177.294448853
114 33 2 0 31913 31815 50850 11 177.294448853 176.750000000
110 162 2 0 31815 31743 53370 13 176.750000000 176.350006104
134 168 0 5 31743 31735 55350 10 176.350006104 176.305557251
110 33 2 0 31735 31648 57690 12 176.305557251 175.822219849
110 184 0 3 31648 31647 59670 10 175.822219849 175.816665649
109 88 1 7 31647 31538 61830 11 175.816665649 175.211105347
108 82 1 7 31538 31443 64170 12 175.211105347 174.683334351
106 119 2 0 31443 31426 66690 13 174.683334351 174.588882446
96 160 2 0 31426 31405 70290 19 174.588882446 174.472229004
94 92 2 0 31405 31319 73530 17 174.472229004 173.994445801
93 9 1 5 31319 31222 77130 19 173.994445801 173.455551147
92 170 0 5 31222 31206 80730 19 173.455551147 173.366668701
102 179 2 0 31206 31202 83250 13 173.366668701 173.344451904
94 165 2 0 31202 31166 86850 19 173.344451904 173.144439697
96 170 0 5 31166 31157 89730 15 173.144439697 173.094451904
104 171 2 0 31157 31153 92610 15 173.094451904 173.072219849
91 60 1 7 31153 31091 96570 21 173.072219849 172.727783203
92 34 2 0 31091 31033 99630 16 172.727783203 172.405548096
94 27 0 5 31033 31004 102330 14 172.405548096 172.244445801
100 25 0 5 31004 30990 105390 16 172.244445801 172.166671753
100 26 0 5 30990 30983 108450 16 172.166671753 172.127777100
92 94 1 7 30983 30879 113310 26 172.127777100 171.550003052
102 66 2 0 30879 30878 116550 17 171.550003052 171.544448853
90 182 2 0 30878 30823 122130 30 171.544448853 171.238891602
79 34 1 5 30823 30727 129690 41 171.238891602 170.705551147
76 3 1 4 30727 30674 139950 56 170.705551147 170.411117554
74 92 1 7 30674 30634 150570 58 170.411117554 170.188888550
72 27 2 0 30634 30571 161370 59 170.188888550 169.838882446
71 206 1 1 30571 30542 173610 67 169.838882446 169.677780151
70 32 1 5 30542 30476 185850 67 169.677780151 169.311111450
62 130 0 2 30476 30442 199710 76 169.311111450 169.122222900
96 118 2 0 30442 30441 203850 22 169.122222900 169.116668701
70 136 0 2 30441 30412 215370 63 169.116668701 168.955551147
86 130 2 0 30412 30408 220950 30 168.955551147 168.933334351
108 124 0 1 30408 30402 223830 15 168.933334351 168.899993896
84 126 2 0 30402 30400 230130 34 168.899993896 168.888885498
64 140 0 2 30400 30374 243810 75 168.888885498 168.744445801
70 130 2 0 30374 30372 255330 63 168.744445801 168.733337402
62 94 2 0 30372 30355 268650 73 168.733337402 168.638885498
76 156 0 1 30355 30353 278010 51 168.638885498 168.627777100
72 92 0 6 30353 30342 288810 59 168.627777100 168.566665649
62 92 1 7 30342 30327 303210 79 168.566665649 168.483337402
60 17 1 5 30327 30300 318510 84 168.483337402 168.333328247
66 29 0 5 30300 30298 332010 74 168.333328247 168.322219849
62 141 2 0 30298 30290 348030 88 168.322219849 168.277770996
57 101 1 6 30290 30265 364950 93 168.277770996 168.138885498
59 98 1 6 30265 30230 381510 91 168.138885498 167.944442749
57 103 1 5 30230 30228 398790 95 167.944442749 167.933334351
56 30 2 0 30228 30198 416430 97 167.933334351 167.766662598
58 11 1 5 30198 30187 433350 93 167.766662598 167.705551147
52 116 1 0 30187 30182 454050 114 167.705551147 167.677780151
58 108 1 6 30182 30165 471330 95 167.677780151 167.583328247
54 52 1 5 30165 30164 490410 105 167.583328247 167.577774048
50 56 1 6 30164 30151 511650 117 167.577774048 167.505554199
58 59 2 0 30151 30148 528210 91 167.505554199 167.488891602
76 36 0 5 30148 30140 539190 60 167.488891602 167.444442749
62 190 2 0 30140 30139 554490 84 167.444442749 167.438888550
86 203 0 1 30139 30136 561330 37 167.438888550 167.422225952
58 34 2 0 30136 30133 578790 96 167.422225952 167.405548096
58 44 0 6 30133 30123 594990 89 167.405548096 167.350006104
54 71 0 2 30123 30111 613890 104 167.350006104 167.283340454
58 55 1 5 30111 30110 630630 92 167.283340454 167.277770996
50 94 1 6 30110 30082 652770 122 167.277770996 167.122222900
49 58 1 6 30082 30055 675450 125 167.122222900 166.972229004
50 55 1 6 30055 30052 697950 124 166.972229004 166.955551147
44 117 2 0 30052 30042 726030 155 166.955551147 166.899993896
53 204 1 1 30042 30040 745470 107 166.899993896 166.888885498
66 190 2 0 30040 30035 759510 77 166.888885498 166.861114502
54 188 0 3 30035 30026 778950 107 166.861114502 166.811111450
50 202 0 2 30026 30023 800730 120 166.811111450 166.794448853
68 189 2 0 30023 30018 813690 71 166.794448853 166.766662598
50 134 0 1 30018 30015 836190 124 166.766662598 166.750000000
50 139 0 2 30015 30012 858510 123 166.750000000 166.733337402
70 146 2 0 30012 30011 871290 70 166.733337402 166.727783203
50 202 1 1 30011 30010 894690 129 166.727783203 166.722229004
44 142 2 0 30010 30009 922230 152 166.722229004 166.716659546
78 135 0 1 30009 30001 931590 51 166.716659546 166.672225952
44 63 1 0 30001 29998 961110 163 166.672225952 166.655548096
56 72 2 0 29998 29994 979830 103 166.655548096 166.633331299
58 71 0 1 29994 29993 996390 91 166.633331299 166.627777100
56 73 2 0 29993 29982 1015290 104 166.627777100 166.566665649
58 59 1 7 29982 29978 1032390 94 166.566665649 166.544448853
59 64 1 1 29978 29976 1048590 89 166.544448853 166.533340454
50 44 0 5 29976 29966 1070190 119 166.533340454 166.477783203
42 22 1 5 29966 29958 1101510 173 166.477783203 166.433334351
44 30 1 6 29958 29949 1129230 153 166.433334351 166.383331299
43 14 1 6 29949 29936 1157670 157 166.383331299 166.311111450
46 34 2 0 29936 29929 1180890 128 166.311111450 166.272216797
38 131 1 2 29929 29924 1218870 210 166.272216797 166.244445801
36 79 1 0 29924 29896 1258290 218 166.244445801 166.088882446
33 205 1 2 29896 29894 1306530 267 166.088882446 166.077774048
58 39 0 5 29894 29893 1322910 90 166.077774048 166.072219849
39 37 1 6 29893 29889 1355850 182 166.072219849 166.050003052
28 40 2 0 29889 29885 1419930 355 166.050003052 166.027770996
26 42 0 6 29885 29879 1488510 380 166.027770996 165.994445801
