SetMedian AvgDist: 101.02778 TotalDist: 32310
I 33344555556555555565556565555555655655455665555567777777011211211111112121211111112111211121111112121
Mean AvgDist: 98.56667 TotalDist: 485910
I 33334455555655655556555556555555565555555565565666777770011111121211211111211121112111111121111111122
Time taken by program is : 29.73619sec
120 3 0 3 18185 18142 36450 21 101.027778625 100.788887024
104 39 2 0 18142 18064 40950 24 100.788887024 100.355552673
104 59 2 0 18064 18009 45810 26 100.355552673 100.050003052
108 69 0 1 18009 18005 50670 26 100.050003052 100.027778625
80 61 2 0 18005 18004 56970 34 100.027778625 100.022224426
116 69 0 1 18004 17997 60570 19 100.022224426 99.983329773
62 72 0 1 17997 17987 68490 43 99.983329773 99.927780151
88 57 2 0 17987 17968 74070 30 99.927780151 99.822219849
59 23 1 5 17968 17946 83070 49 99.822219849 99.699996948
68 47 0 6 17946 17938 90630 41 99.699996948 99.655555725
90 50 2 0 17938 17918 95310 25 99.655555725 99.544441223
64 41 2 0 17918 17898 102870 41 99.544441223 99.433334351
68 47 0 6 17898 17893 109890 38 99.433334351 99.405555725
55 36 1 5 17893 17873 118890 49 99.405555725 99.294441223
56 48 2 0 17873 17846 128250 51 99.294441223 99.144447327
58 44 1 6 17846 17832 137610 51 99.144447327 99.066665649
56 41 0 5 17832 17823 147870 56 99.066665649 99.016670227
52 100 1 2 17823 17806 159030 61 99.016670227 98.922225952
50 86 1 1 17806 17802 171450 68 98.922225952 98.900001526
92 50 2 0 17802 17801 176130 25 98.900001526 98.894447327
49 65 1 2 17801 17785 189450 73 98.894447327 98.805557251
56 71 0 1 17785 17778 199530 55 98.805557251 98.766670227
84 56 2 0 17778 17774 205110 30 98.766670227 98.744445801
49 71 1 1 17774 17772 217710 69 98.744445801 98.733329773
45 62 1 2 17772 17767 231930 78 98.733329773 98.705558777
41 77 1 2 17767 17763 249750 98 98.705558777 98.683334351
46 96 1 1 17763 17760 264690 82 98.683334351 98.666664124
32 14 1 6 17760 17746 293670 160 98.666664124 98.588890076
14 56 0 0 17746 17742 355230 341 98.588890076 98.566665649
