SetMedian AvgDist: 170.48889 TotalDist: 32310
J 333455543333333333445676776777767777655555655555655655555555655556655676777777777770777007077007001111123334444344334334333333221112111211111121111111110777767776777770101112233333332223333332222
Mean AvgDist: 157.97223 TotalDist: 1115010
J 333333333434445556677777777777766555555555555555555555555556556566666767777777777707770770070000111111223333444343434333333332222112111111111111111111110077777777777700111122333332333322
Time taken by program is : 127.91549sec
168 175 2 0 30688 30621 34650 11 170.488891602 170.116668701
166 175 2 0 30621 30564 36810 11 170.116668701 169.800003052
168 175 2 0 30564 30514 39150 12 169.800003052 169.522216797
164 175 2 0 30514 30474 42030 15 169.522216797 169.300003052
162 175 2 0 30474 30431 44910 15 169.300003052 169.061111450
164 175 2 0 30431 30406 47790 15 169.061111450 168.922225952
146 175 2 0 30406 30394 50850 16 168.922225952 168.855560303
142 4 2 0 30394 30244 53910 16 168.855560303 168.022216797
172 4 2 0 30244 30084 56790 15 168.022216797 167.133331299
168 4 2 0 30084 29940 59490 14 167.133331299 166.333328247
132 94 0 1 29940 29879 62730 17 166.333328247 165.994445801
126 3 2 0 29879 29824 66150 18 165.994445801 165.688888550
280 19 0 7 29824 29822 67590 7 165.688888550 165.677780151
116 155 2 0 29822 29739 72090 24 165.677780151 165.216659546
106 158 2 0 29739 29677 76950 26 165.216659546 164.872222900
106 3 2 0 29677 29649 81450 24 164.872222900 164.716659546
122 0 2 0 29649 29644 85230 20 164.716659546 164.688888550
106 93 0 1 29644 29643 89550 23 164.688888550 164.683334351
101 43 1 5 29643 29544 94230 25 164.683334351 164.133331299
102 13 0 5 29544 29476 98550 23 164.133331299 163.755554199
84 38 1 5 29476 29400 104490 32 163.755554199 163.333328247
84 27 0 7 29400 29397 110610 33 163.333328247 163.316665649
90 17 2 0 29397 29379 116010 29 163.316665649 163.216659546
82 169 2 0 29379 29352 122130 33 163.216659546 163.066665649
502 179 0 3 29352 29350 122670 2 163.066665649 163.055557251
78 140 1 1 29350 29269 129150 35 163.055557251 162.605560303
292 181 0 3 29269 29266 130410 6 162.605560303 162.588882446
146 173 2 0 29266 29260 133290 15 162.588882446 162.555557251
296 181 0 3 29260 29255 134550 6 162.555557251 162.527770996
144 173 2 0 29255 29254 137430 15 162.527770996 162.522216797
324 181 0 3 29254 29252 138510 5 162.522216797 162.511108398
144 173 2 0 29252 29251 141390 15 162.511108398 162.505554199
94 133 0 1 29251 29244 146430 27 162.505554199 162.466659546
82 170 2 0 29244 29228 152550 33 162.466659546 162.377777100
422 181 0 3 29228 29223 153450 4 162.377777100 162.350006104
78 17 2 0 29223 29217 159930 35 162.350006104 162.316665649
126 20 0 7 29217 29192 163350 18 162.316665649 162.177780151
78 170 2 0 29192 29186 169830 35 162.177780151 162.144439697
280 176 0 3 29186 29182 171270 7 162.144439697 162.122222900
112 178 2 0 29182 29180 175410 22 162.122222900 162.111114502
79 166 1 1 29180 29133 181890 35 162.111114502 161.850006104
77 64 1 6 29133 29063 188370 35 161.850006104 161.461105347
77 47 1 5 29063 28992 194670 34 161.461105347 161.066665649
72 56 0 5 28992 28960 202050 40 161.066665649 160.888885498
72 57 0 5 28960 28935 209790 42 160.888885498 160.750000000
74 58 0 5 28935 28928 217170 40 160.750000000 160.711105347
94 18 2 0 28928 28927 222210 27 160.711105347 160.705551147
68 86 1 7 28927 28902 230670 46 160.705551147 160.566665649
69 81 1 7 28902 28877 239130 46 160.566665649 160.427780151
68 136 1 1 28877 28834 247770 47 160.427780151 160.188888550
65 26 1 7 28834 28818 257130 51 160.188888550 160.100006104
64 125 0 2 28818 28807 266490 51 160.100006104 160.038894653
63 89 1 0 28807 28779 276030 52 160.038894653 159.883331299
66 93 1 0 28779 28745 285210 50 159.883331299 159.694442749
68 107 2 0 28745 28744 293850 47 159.694442749 159.688888550
62 118 1 3 28744 28735 303750 54 159.688888550 159.638885498
60 95 2 0 28735 28725 314550 59 159.638885498 159.583328247
62 96 1 1 28725 28718 324450 54 159.583328247 159.544448853
56 182 2 0 28718 28709 336510 66 159.544448853 159.494445801
548 182 0 3 28709 28702 337230 3 159.494445801 159.455551147
56 127 2 0 28702 28693 350190 71 159.455551147 159.405548096
55 124 1 2 28693 28667 363150 71 159.405548096 159.261108398
52 11 0 4 28667 28656 377190 77 159.261108398 159.199996948
128 0 2 0 28656 28639 380070 15 159.199996948 159.105560303
51 61 1 6 28639 28630 394290 78 159.105560303 159.055557251
51 14 1 5 28630 28600 408330 77 159.055557251 158.888885498
51 20 1 7 28600 28593 422550 78 158.888885498 158.850006104
50 106 0 3 28593 28543 436950 79 158.850006104 158.572219849
47 151 1 0 28543 28521 453690 92 158.572219849 158.449996948
45 101 1 2 28521 28511 471690 99 158.449996948 158.394439697
45 65 1 6 28511 28478 489150 96 158.394439697 158.211105347
39 81 1 0 28478 28469 514350 139 158.211105347 158.161117554
28 113 1 4 28469 28466 562410 266 158.161117554 158.144439697
47 112 1 3 28466 28463 578790 90 158.144439697 158.127777100
27 30 1 6 28463 28459 628830 277 158.127777100 158.105560303
25 9 1 4 28459 28457 685710 315 158.105560303 158.094451904
24 166 1 0 28457 28455 744390 325 158.094451904 158.083328247
20 13 0 4 28455 28447 818550 411 158.083328247 158.038894653
59 10 1 3 28447 28437 829350 59 158.038894653 157.983337402
27 11 1 4 28437 28435 881370 288 157.983337402 157.972229004
