SetMedian AvgDist: 183.11667 TotalDist: 32310
K 33345555455555555555543332322333222322322322222234455555656666666766766767667765543445444444444445455567677770000000000000070707655555565565556555667777011111121211121111111112111112111112111111111111111112
Mean AvgDist: 169.94444 TotalDist: 1905390
K 3334455555555656555432322322232222223334555666666676667667667666554444444444444454445455566777770001000100000000000707766565556555565566677770111111112111211211121111121112121121111212112211211212
Time taken by program is : 161.48861sec
188 29 2 0 32961 32791 33210 3 183.116668701 182.172225952
162 22 2 0 32791 32672 33930 3 182.172225952 181.511108398
156 108 0 1 32672 32624 34830 4 181.511108398 181.244445801
152 24 2 0 32624 32521 35730 4 181.244445801 180.672225952
156 22 2 0 32521 32433 36630 4 180.672225952 180.183334351
148 28 2 0 32433 32340 37530 4 180.183334351 179.666671753
146 26 2 0 32340 32272 38430 4 179.666671753 179.288894653
144 189 0 2 32272 32244 39690 6 179.288894653 179.133331299
142 24 2 0 32244 32199 40770 5 179.133331299 178.883331299
138 22 2 0 32199 32168 41850 5 178.883331299 178.711105347
138 190 0 2 32168 32153 42930 5 178.711105347 178.627777100
136 31 2 0 32153 32122 44550 8 178.627777100 178.455551147
128 33 2 0 32122 32121 47790 17 178.455551147 178.449996948
116 4 2 0 32121 32050 52830 27 178.449996948 178.055557251
132 4 2 0 32050 31970 55350 13 178.055557251 177.611114502
128 4 2 0 31970 31905 58410 16 177.611114502 177.250000000
108 98 0 1 31905 31870 63990 30 177.250000000 177.055557251
104 4 2 0 31870 31827 70290 34 177.055557251 176.816665649
102 147 2 0 31827 31781 77310 38 176.816665649 176.561111450
100 99 0 1 31781 31772 84150 37 176.561111450 176.511108398
102 118 2 0 31772 31709 90630 35 176.511108398 176.161117554
100 118 2 0 31709 31666 97470 37 176.161117554 175.922225952
94 118 2 0 31666 31646 105390 43 175.922225952 175.811111450
94 74 0 3 31646 31643 113310 43 175.811111450 175.794448853
90 179 0 2 31643 31641 122130 48 175.794448853 175.783340454
86 35 2 0 31641 31614 131310 50 175.783340454 175.633331299
196 33 0 3 31614 31599 132210 4 175.633331299 175.550003052
164 28 0 2 31599 31597 133830 8 175.550003052 175.538894653
118 35 2 0 31597 31577 139050 28 175.538894653 175.427780151
80 140 2 0 31577 31563 149310 56 175.427780151 175.350006104
84 146 2 0 31563 31547 159210 54 175.350006104 175.261108398
126 185 0 2 31547 31518 162810 19 175.261108398 175.100006104
75 91 1 7 31518 31484 174330 63 175.100006104 174.911117554
74 140 2 0 31484 31474 186030 64 174.911117554 174.855560303
74 185 0 2 31474 31471 197550 63 174.855560303 174.838882446
74 140 2 0 31471 31467 209250 64 174.838882446 174.816665649
78 151 0 2 31467 31449 220230 60 174.816665649 174.716659546
74 191 1 2 31449 31400 231570 62 174.716659546 174.444442749
73 41 1 6 31400 31353 243450 65 174.444442749 174.183334351
74 62 2 0 31353 31269 254970 63 174.183334351 173.716659546
142 29 0 2 31269 31268 256950 10 173.716659546 173.711105347
134 24 2 0 31268 31267 260010 16 173.711105347 173.705551147
110 19 0 3 31267 31260 267030 38 173.705551147 173.666671753
74 103 0 1 31260 31241 278910 65 173.666671753 173.561111450
84 97 2 0 31241 31213 288990 55 173.561111450 173.405548096
66 105 0 1 31213 31208 302850 76 173.405548096 173.377777100
80 97 2 0 31208 31200 313470 58 173.377777100 173.333328247
64 96 0 7 31200 31183 327510 77 173.333328247 173.238891602
63 189 1 2 31183 31149 341730 78 173.238891602 173.050003052
60 182 2 0 31149 31146 355950 78 173.050003052 173.033340454
60 11 0 6 31146 31121 370890 82 173.033340454 172.894439697
108 31 2 0 31121 31120 377370 35 172.894439697 172.888885498
146 27 0 2 31120 31119 379170 9 172.888885498 172.883331299
128 19 2 0 31119 31117 381870 14 172.883331299 172.872222900
142 27 0 2 31117 31115 383670 9 172.872222900 172.861114502
63 42 1 6 31115 31103 398250 80 172.861114502 172.794448853
59 97 1 0 31103 31077 414450 89 172.794448853 172.649993896
62 72 1 4 31077 31053 429030 80 172.649993896 172.516662598
80 69 2 0 31053 31050 440010 60 172.516662598 172.500000000
114 71 0 3 31050 31041 445770 31 172.500000000 172.449996948
66 59 2 0 31041 31017 459090 73 172.449996948 172.316665649
59 70 1 4 31017 30966 475830 92 172.316665649 172.033340454
58 74 1 5 30966 30950 492750 93 172.033340454 171.944442749
80 77 0 3 30950 30944 503550 59 171.944442749 171.911117554
58 45 1 6 30944 30925 520470 93 171.911117554 171.805557251
56 63 2 0 30925 30878 538290 98 171.805557251 171.544448853
72 11 0 5 30878 30874 549990 64 171.544448853 171.522216797
55 182 1 2 30874 30873 567810 98 171.522216797 171.516662598
55 175 1 2 30873 30853 586530 103 171.516662598 171.405548096
66 153 0 1 30853 30852 599670 72 171.405548096 171.399993896
68 179 2 0 30852 30845 611730 66 171.399993896 171.361114502
54 118 1 7 30845 30822 630810 105 171.361114502 171.233337402
56 43 2 0 30822 30815 647190 90 171.233337402 171.194442749
54 73 1 4 30815 30806 665550 101 171.194442749 171.144439697
58 76 1 5 30806 30794 682110 91 171.144439697 171.077774048
49 114 1 0 30794 30792 705690 130 171.077774048 171.066665649
52 102 1 0 30792 30777 726570 115 171.066665649 170.983337402
50 114 0 7 30777 30762 749970 129 170.983337402 170.899993896
78 121 2 0 30762 30761 761490 63 170.899993896 170.894439697
90 126 0 5 30761 30754 770310 48 170.894439697 170.855560303
48 50 0 7 30754 30753 795510 139 170.855560303 170.850006104
90 5 2 0 30753 30752 803970 46 170.850006104 170.844451904
49 63 1 5 30752 30743 828090 133 170.844451904 170.794448853
45 15 1 6 30743 30738 856350 156 170.794448853 170.766662598
43 134 1 6 30738 30726 887850 174 170.766662598 170.699996948
42 80 1 5 30726 30725 920610 181 170.699996948 170.694442749
41 76 1 4 30725 30718 956790 200 170.694442749 170.655548096
80 11 0 5 30718 30717 967050 56 170.655548096 170.649993896
40 106 1 0 30717 30716 1005750 214 170.649993896 170.644439697
41 103 1 1 30716 30710 1043190 207 170.644439697 170.611114502
43 120 1 6 30710 30708 1074330 172 170.611114502 170.600006104
88 122 2 0 30708 30705 1083330 49 170.600006104 170.583328247
86 127 0 5 30705 30699 1092330 49 170.583328247 170.550003052
40 36 1 3 30699 30675 1131750 218 170.550003052 170.416671753
42 16 2 0 30675 30674 1166130 190 170.416671753 170.411117554
64 12 0 5 30674 30669 1179990 76 170.411117554 170.383331299
43 15 1 6 30669 30663 1212210 178 170.383331299 170.350006104
37 158 1 2 30663 30661 1256310 244 170.350006104 170.338882446
37 172 1 2 30661 30660 1299330 238 170.338882446 170.333328247
58 178 0 2 30660 30659 1315530 89 170.333328247 170.327774048
46 178 1 1 30659 30653 1342530 149 170.327774048 170.294448853
44 151 2 0 30653 30650 1373490 171 170.294448853 170.277770996
104 150 0 1 30650 30647 1380690 39 170.277770996 170.261108398
34 58 2 0 30647 30637 1431090 279 170.261108398 170.205551147
46 63 1 6 30637 30629 1458630 152 170.205551147 170.161117554
34 90 1 6 30629 30619 1509210 280 170.161117554 170.105560303
42 99 1 0 30619 30615 1543230 188 170.105560303 170.083328247
70 99 0 1 30615 30610 1555290 66 170.083328247 170.055557251
44 117 1 7 30610 30608 1584990 164 170.055557251 170.044448853
68 124 2 0 30608 30604 1599210 78 170.044448853 170.022216797
62 131 0 5 30604 30595 1615050 87 170.022216797 169.972229004
62 120 2 0 30595 30593 1630890 87 169.972229004 169.961105347
43 119 1 6 30593 30590 1660590 164 169.961105347 169.944442749
