SetMedian AvgDist: 84.64445 TotalDist: 32310
L 3345455555555655555565565555556555554333333323333333333333343334556767777776777776777767776777777770011211111111111122111111211111111112112111
Mean AvgDist: 78.08889 TotalDist: 343170
L 33344555555555655565565565556556555554333333333333333333333334455566677777777777777777777777776777777700111111112112121122111212111211211111111112
Time taken by program is : 28.91584sec
270 0 0 3 15236 15110 32670 0 84.644447327 83.944442749
196 70 0 7 15110 15063 33030 1 83.944442749 83.683334351
146 67 0 6 15063 15030 33570 2 83.683334351 83.500000000
112 0 2 0 15030 15006 34290 3 83.500000000 83.366668701
108 71 0 7 15006 14977 35370 5 83.366668701 83.205558777
102 112 0 2 14977 14943 36450 5 83.205558777 83.016670227
94 45 2 0 14943 14860 37530 5 83.016670227 82.555557251
106 63 0 5 14860 14842 38610 5 82.555557251 82.455558777
96 107 2 0 14842 14767 39690 5 82.455558777 82.038887024
94 38 2 0 14767 14756 40950 6 82.038887024 81.977775574
93 78 1 7 14756 14675 42210 6 81.977775574 81.527778625
108 84 0 7 14675 14670 43290 5 81.527778625 81.500000000
86 4 2 0 14670 14645 44550 6 81.500000000 81.361114502
82 67 2 0 14645 14639 45990 7 81.361114502 81.327774048
98 83 0 7 14639 14621 47070 5 81.327774048 81.227775574
79 141 1 1 14621 14599 48690 8 81.227775574 81.105552673
80 113 0 2 14599 14572 50310 8 81.105552673 80.955558777
77 84 1 7 14572 14506 51930 8 80.955558777 80.588890076
86 67 2 0 14506 14501 53010 5 80.588890076 80.561111450
78 92 0 7 14501 14491 54810 9 80.561111450 80.505554199
96 67 2 0 14491 14479 56070 6 80.505554199 80.438888550
76 87 0 7 14479 14464 57870 9 80.438888550 80.355552673
76 88 2 0 14464 14433 59850 10 80.355552673 80.183334351
118 92 0 7 14433 14424 60930 5 80.183334351 80.133331299
75 57 1 3 14424 14404 63270 12 80.133331299 80.022224426
74 64 1 5 14404 14327 65970 14 80.022224426 79.594444275
71 60 1 4 14327 14276 69030 16 79.594444275 79.311111450
68 61 2 0 14276 14250 72090 16 79.311111450 79.166664124
64 26 0 6 14250 14232 75510 18 79.166664124 79.066665649
63 145 1 2 14232 14228 79110 19 79.066665649 79.044441223
60 116 0 2 14228 14225 83070 21 79.044441223 79.027778625
66 110 2 0 14225 14207 86130 16 79.027778625 78.927780151
55 132 1 2 14207 14158 91350 28 78.927780151 78.655555725
49 117 1 2 14158 14135 98550 39 78.655555725 78.527778625
48 17 1 6 14135 14116 105750 39 78.527778625 78.422225952
47 126 1 2 14116 14097 113850 44 78.422225952 78.316665649
46 68 0 6 14097 14088 122310 46 78.316665649 78.266670227
48 95 2 0 14088 14083 130050 42 78.266670227 78.238891602
44 28 1 6 14083 14076 139590 52 78.238891602 78.199996948
49 26 1 5 14076 14074 146610 38 78.199996948 78.188888550
40 24 2 0 14074 14067 159930 73 78.188888550 78.150001526
70 13 0 5 14067 14065 162090 11 78.150001526 78.138885498
34 135 0 2 14065 14064 184590 124 78.138885498 78.133331299
64 140 1 1 14064 14058 187830 17 78.133331299 78.099998474
62 122 2 0 14058 14056 191430 19 78.099998474 78.088890076
