SetMedian AvgDist: 216.69444 TotalDist: 32310
M 333434554554555555542222222212323234344545555555555655555555655555655565555567777011111111111211111111211111106666676666667777001011211111111106665565665555666556566556565565556767007010112121121221121212111221121212121222223233
Mean AvgDist: 199.99445 TotalDist: 2013210
M 3333444455455555554322222222333444555555555555555555555555555555555565677777001111111112111111111111111110766666656656656656666777700101111111111110076656556565556565565655656566777700111111121112121121121112111221211212121221221222
Time taken by program is : 208.83538sec
286 118 0 5 39005 38848 33030 2 216.694442749 215.822219849
278 109 0 7 38848 38837 33570 2 215.822219849 215.761108398
318 110 0 6 38837 38774 33930 1 215.761108398 215.411117554
236 121 0 5 38774 38685 34650 3 215.411117554 214.916671753
200 122 0 5 38685 38617 35910 6 214.916671753 214.538894653
176 123 0 5 38617 38567 37530 8 214.538894653 214.261108398
158 28 2 0 38567 38482 39330 9 214.261108398 213.788894653
152 232 0 2 38482 38424 41490 11 213.788894653 213.466659546
152 20 2 0 38424 38377 43830 12 213.466659546 213.205551147
152 118 0 6 38377 38318 45990 11 213.205551147 212.877777100
148 115 0 5 38318 38268 48150 11 212.877777100 212.600006104
144 20 2 0 38268 38252 50310 11 212.600006104 212.511108398
140 105 0 0 38252 38221 53190 15 212.511108398 212.338882446
134 20 2 0 38221 38214 56070 15 212.338882446 212.300003052
122 137 2 0 38214 38188 59850 20 212.300003052 212.155548096
118 134 0 1 38188 38158 63810 21 212.155548096 211.988891602
116 151 2 0 38158 38053 68310 24 211.988891602 211.405548096
114 189 0 1 38053 38005 73350 27 211.405548096 211.138885498
112 108 1 6 38005 37847 78570 28 211.138885498 210.261108398
112 29 2 0 37847 37833 83790 28 210.261108398 210.183334351
146 26 0 2 37833 37813 85770 10 210.183334351 210.072219849
118 28 2 0 37813 37806 90270 24 210.072219849 210.033340454
176 27 0 2 37806 37793 91530 6 210.033340454 209.961105347
107 190 1 1 37793 37662 97470 32 209.961105347 209.233337402
106 151 2 0 37662 37579 103590 33 209.233337402 208.772216797
112 135 0 1 37579 37577 108630 27 208.772216797 208.761108398
118 89 0 1 37577 37576 112590 21 208.761108398 208.755554199
108 194 0 1 37576 37539 118530 32 208.755554199 208.550003052
116 195 0 1 37539 37518 122670 22 208.550003052 208.433334351
112 196 0 1 37518 37511 127170 24 208.433334351 208.394439697
112 233 2 0 37511 37414 132210 27 208.394439697 207.855560303
106 234 2 0 37414 37331 138510 34 207.855560303 207.394439697
110 219 0 2 37331 37329 144270 31 207.394439697 207.383331299
100 120 2 0 37329 37324 151290 38 207.383331299 207.355560303
118 111 0 5 37324 37312 156150 26 207.355560303 207.288894653
98 197 0 1 37312 37309 163530 40 207.288894653 207.272216797
98 6 2 0 37309 37295 171450 43 207.272216797 207.194442749
106 10 0 5 37295 37290 178470 38 207.194442749 207.166671753
96 157 2 0 37290 37202 187290 48 207.166671753 206.677780151
94 78 2 0 37202 37201 196470 50 206.677780151 206.672225952
104 98 0 1 37201 37195 203850 40 206.672225952 206.638885498
92 236 2 0 37195 37128 214650 59 206.638885498 206.266662598
90 204 0 1 37128 37127 225450 59 206.266662598 206.261108398
88 184 1 7 37127 37023 236790 62 206.261108398 205.683334351
90 150 2 0 37023 36966 247770 60 205.683334351 205.366668701
88 121 2 0 36966 36965 258750 60 205.366668701 205.361114502
108 117 0 5 36965 36962 266130 40 205.361114502 205.344451904
94 120 0 5 36962 36951 276210 55 205.344451904 205.283340454
92 116 2 0 36951 36943 286470 56 205.283340454 205.238891602
86 153 2 0 36943 36913 297810 62 205.238891602 205.072219849
84 150 2 0 36913 36854 310230 68 205.072219849 204.744445801
78 89 2 0 36854 36851 323370 72 204.744445801 204.727783203
78 104 0 1 36851 36850 336330 71 204.727783203 204.722229004
76 148 0 0 36850 36843 350370 77 204.722229004 204.683334351
108 134 2 0 36843 36835 358110 42 204.683334351 204.638885498
76 182 1 7 36835 36787 372330 78 204.638885498 204.372222900
74 106 2 0 36787 36714 387090 81 204.372222900 203.966659546
74 32 2 0 36714 36690 401850 81 203.966659546 203.833328247
72 155 2 0 36690 36660 416610 81 203.833328247 203.666671753
72 46 1 5 36660 36603 431910 84 203.666671753 203.350006104
72 226 0 1 36603 36599 447210 84 203.350006104 203.327774048
72 115 1 6 36599 36536 462870 86 203.327774048 202.977783203
96 112 0 5 36536 36535 471870 49 202.977783203 202.972229004
94 109 2 0 36535 36524 481230 51 202.972229004 202.911117554
78 111 0 6 36524 36519 493830 69 202.911117554 202.883331299
86 121 2 0 36519 36512 504270 57 202.883331299 202.844451904
68 61 1 5 36512 36469 521010 92 202.844451904 202.605560303
66 182 2 0 36469 36468 538110 94 202.605560303 202.600006104
88 199 0 1 36468 36445 548190 55 202.600006104 202.472229004
64 55 1 5 36445 36420 566370 100 202.472229004 202.333328247
58 70 1 6 36420 36358 586710 112 202.333328247 201.988891602
58 182 2 0 36358 36356 607770 116 201.988891602 201.977783203
61 175 1 6 36356 36309 627750 110 201.977783203 201.716659546
60 162 1 5 36309 36295 648630 115 201.716659546 201.638885498
59 172 1 6 36295 36284 669870 117 201.638885498 201.577774048
102 189 0 1 36284 36282 678150 45 201.577774048 201.566665649
58 71 1 7 36282 36264 700290 122 201.566665649 201.466659546
74 97 2 0 36264 36263 716310 88 201.466659546 201.461105347
60 65 1 5 36263 36253 736290 110 201.461105347 201.405548096
59 68 1 6 36253 36226 757530 117 201.405548096 201.255554199
52 220 1 2 36226 36223 781650 133 201.255554199 201.238891602
64 189 2 0 36223 36219 800370 103 201.238891602 201.216659546
72 151 2 0 36219 36218 816210 87 201.216659546 201.211105347
60 227 1 1 36218 36217 836550 112 201.211105347 201.205551147
51 202 1 1 36217 36210 863370 148 201.205551147 201.166671753
62 150 0 5 36210 36209 882450 105 201.166671753 201.161117554
78 152 2 0 36209 36205 895050 69 201.161117554 201.138885498
58 133 1 1 36205 36203 915930 115 201.138885498 201.127777100
51 145 1 0 36203 36181 942030 144 201.127777100 201.005554199
76 149 0 5 36181 36178 955350 73 201.005554199 200.988891602
60 161 2 0 36178 36172 975150 109 200.988891602 200.955551147
66 132 0 0 36172 36170 992610 96 200.955551147 200.944442749
55 147 1 7 36170 36120 1015650 127 200.944442749 200.666671753
58 156 1 5 36120 36110 1036170 113 200.666671753 200.611114502
46 86 0 2 36110 36089 1066590 168 200.611114502 200.494445801
52 35 1 5 36089 36088 1092510 143 200.494445801 200.488891602
44 20 0 3 36088 36082 1125630 183 200.488891602 200.455551147
102 6 2 0 36082 36077 1133550 43 200.455551147 200.427780151
52 8 0 4 36077 36067 1159830 145 200.427780151 200.372222900
82 3 2 0 36067 36052 1171890 66 200.372222900 200.288894653
44 215 2 0 36052 36051 1206450 191 200.288894653 200.283340454
80 199 0 1 36051 36049 1218870 68 200.283340454 200.272216797
59 229 1 2 36049 36048 1239750 115 200.272216797 200.266662598
52 228 0 1 36048 36037 1267290 152 200.266662598 200.205551147
76 182 2 0 36037 36036 1281690 79 200.205551147 200.199996948
92 193 0 1 36036 36034 1290870 50 200.199996948 200.188888550
78 182 2 0 36034 36027 1304190 73 200.188888550 200.149993896
46 194 2 0 36027 36021 1336410 178 200.149993896 200.116668701
90 189 0 1 36021 36013 1346130 53 200.116668701 200.072219849
36 219 1 1 36013 36012 1396350 278 200.072219849 200.066665649
36 182 1 0 36012 36010 1444230 265 200.066665649 200.055557251
32 6 0 4 36010 36008 1508310 355 200.055557251 200.044448853
88 7 2 0 36008 36007 1520010 64 200.044448853 200.038894653
26 77 0 0 36007 36006 1605150 472 200.038894653 200.033340454
22 175 2 0 36006 36002 1704330 550 200.033340454 200.011108398
58 155 0 5 36002 35999 1725930 119 200.011108398 199.994445801
