SetMedian AvgDist: 168.02777 TotalDist: 32310
N 33344555666555655555655555656556566555666566777700010111101110110111111106555565555565655556566555677770111121211111212121111111112112111211123333445455454554555455455555454321122212111112121112111111221
Mean AvgDist: 161.83888 TotalDist: 1830510
N 3333445555555655555655565556555556555565556566777770011110111011111011110765565565556565556565655666777701111111111211211111211121111121112223334454555554555554555555543221122111212111211121211121112121
Time taken by program is : 228.59414sec
186 0 0 3 30245 30220 33030 2 168.027770996 167.888885498
136 176 0 1 30220 30212 33930 4 167.888885498 167.844451904
116 110 2 0 30212 30141 35550 8 167.844451904 167.449996948
96 179 0 1 30141 30114 37530 10 167.449996948 167.300003052
94 0 2 0 30114 30060 39690 11 167.300003052 167.000000000
126 5 0 5 30060 30035 40770 5 167.000000000 166.861114502
90 111 2 0 30035 30018 43650 15 166.861114502 166.766662598
84 148 2 0 30018 29974 47430 20 166.766662598 166.522216797
104 173 2 0 29974 29973 49410 10 166.522216797 166.516662598
156 177 0 1 29973 29946 49950 2 166.516662598 166.366668701
82 10 2 0 29946 29927 53550 19 166.366668701 166.261108398
80 96 2 0 29927 29913 57690 22 166.261108398 166.183334351
78 116 2 0 29913 29883 62190 24 166.183334351 166.016662598
78 185 0 1 29883 29882 66690 24 166.016662598 166.011108398
76 146 2 0 29882 29862 71370 25 166.011108398 165.899993896
72 15 0 5 29862 29826 76590 28 165.899993896 165.699996948
82 10 0 5 29826 29790 80550 21 165.699996948 165.500000000
92 11 2 0 29790 29770 83430 15 165.500000000 165.388885498
104 11 0 5 29770 29753 85590 11 165.388885498 165.294448853
76 56 2 0 29753 29738 90450 26 165.294448853 165.211105347
80 111 0 2 29738 29737 94590 22 165.211105347 165.205551147
72 76 0 6 29737 29701 100350 31 165.205551147 165.005554199
78 98 2 0 29701 29687 104850 24 165.005554199 164.927780151
84 111 2 0 29687 29685 108090 17 164.927780151 164.916671753
78 56 2 0 29685 29684 112410 23 164.916671753 164.911117554
68 5 2 0 29684 29674 118530 33 164.911117554 164.855560303
80 11 0 5 29674 29666 122490 21 164.855560303 164.811111450
68 31 2 0 29666 29658 128790 34 164.811111450 164.766662598
96 12 0 5 29658 29649 131670 15 164.766662598 164.716659546
66 90 0 6 29649 29612 138510 37 164.716659546 164.511108398
64 34 2 0 29612 29587 146970 46 164.511108398 164.372222900
76 13 0 5 29587 29576 151470 24 164.372222900 164.311111450
72 36 2 0 29576 29573 156330 26 164.311111450 164.294448853
68 19 0 5 29573 29563 163170 37 164.294448853 164.238891602
82 6 2 0 29563 29561 166410 17 164.238891602 164.227783203
64 40 2 0 29561 29556 174150 42 164.227783203 164.199996948
84 19 0 5 29556 29543 178110 21 164.199996948 164.127777100
64 41 2 0 29543 29537 186030 43 164.127777100 164.094451904
72 20 0 5 29537 29526 192330 34 164.094451904 164.033340454
62 199 0 1 29526 29516 200970 47 164.033340454 163.977783203
98 170 2 0 29516 29505 203670 14 163.977783203 163.916671753
74 175 0 1 29505 29495 208890 28 163.916671753 163.861114502
74 179 2 0 29495 29476 213750 26 163.861114502 163.755554199
60 64 1 1 29476 29470 223470 53 163.755554199 163.722229004
59 71 1 0 29470 29467 233730 56 163.722229004 163.705551147
58 152 1 5 29467 29448 244170 57 163.705551147 163.600006104
68 97 2 0 29448 29447 250290 33 163.600006104 163.594451904
76 96 0 5 29447 29430 254970 25 163.594451904 163.500000000
76 110 0 2 29430 29427 258930 21 163.500000000 163.483337402
58 131 2 0 29427 29424 269370 57 163.483337402 163.466659546
56 124 1 2 29424 29403 280530 61 163.466659546 163.350006104
55 149 1 5 29403 29376 292590 66 163.350006104 163.199996948
58 139 1 2 29376 29310 303030 57 163.199996948 162.833328247
54 54 1 1 29310 29301 315090 66 162.833328247 162.783340454
53 67 1 0 29301 29293 328590 74 162.783340454 162.738891602
52 156 1 5 29293 29281 342990 79 162.738891602 162.672225952
48 176 1 1 29281 29277 359910 93 162.672225952 162.649993896
48 180 0 2 29277 29274 377370 96 162.649993896 162.633331299
70 175 2 0 29274 29264 383310 32 162.633331299 162.577774048
47 91 1 6 29264 29261 401670 101 162.577774048 162.561111450
48 87 1 5 29261 29258 419490 98 162.561111450 162.544448853
47 19 1 6 29258 29256 438210 103 162.544448853 162.533340454
47 21 1 5 29256 29251 457290 105 162.533340454 162.505554199
46 194 1 2 29251 29246 477090 109 162.505554199 162.477783203
42 83 1 6 29246 29228 503550 146 162.477783203 162.377777100
42 122 1 2 29228 29227 529650 144 162.377777100 162.372222900
86 110 2 0 29227 29224 532710 16 162.372222900 162.355560303
33 164 1 5 29224 29223 586350 297 162.355560303 162.350006104
40 169 0 2 29223 29221 618570 178 162.350006104 162.338882446
94 170 2 0 29221 29214 620370 9 162.338882446 162.300003052
36 196 0 1 29214 29205 664650 245 162.300003052 162.250000000
66 179 2 0 29205 29196 672030 40 162.250000000 162.199996948
70 176 0 1 29196 29191 678510 35 162.199996948 162.172225952
36 185 2 0 29191 29188 719370 226 162.172225952 162.155548096
29 76 1 6 29188 29184 790290 393 162.155548096 162.133331299
35 71 1 1 29184 29182 835830 252 162.133331299 162.122222900
18 139 0 2 29182 29181 946710 615 162.122222900 162.116668701
82 146 2 0 29181 29178 950310 19 162.116668701 162.100006104
86 169 0 1 29178 29176 953190 15 162.100006104 162.088882446
46 145 1 5 29176 29175 973710 113 162.088882446 162.083328247
41 152 1 4 29175 29172 1003230 163 162.083328247 162.066665649
35 169 1 2 29172 29168 1050030 259 162.066665649 162.044448853
10 188 0 2 29168 29165 1206630 869 162.044448853 162.027770996
84 168 2 0 29165 29158 1209510 15 162.027770996 161.988891602
8 99 0 6 29158 29153 1378170 936 161.988891602 161.961105347
44 95 2 0 29153 29147 1402650 135 161.961105347 161.927780151
36 121 1 1 29147 29145 1446930 245 161.927780151 161.916671753
30 73 1 7 29145 29143 1508670 342 161.916671753 161.905548096
82 76 0 5 29143 29138 1511370 14 161.905548096 161.877777100
53 50 1 7 29138 29134 1524690 73 161.877777100 161.855560303
41 23 1 6 29134 29131 1555470 170 161.855560303 161.838882446
