SetMedian AvgDist: 103.65000 TotalDist: 32310
Q 333433334444444455454545554554555555566556666666676655554455555676777001001100777777777777707770770707000010110111111112211221222222222232322232223233233
Mean AvgDist: 97.39445 TotalDist: 682290
Q 33333333434344444545455455555555555565565565666566655555555455556677777700101000777767777777777777770707000101011111111111121112212122222222222223223223233
Time taken by program is : 63.40068sec
440 0 0 3 18657 18577 32670 0 103.650001526 103.205558777
96 93 1 7 18577 18495 33930 6 103.205558777 102.750000000
98 138 2 0 18495 18426 35010 5 102.750000000 102.366668701
93 31 1 5 18426 18329 36270 6 102.366668701 101.827774048
93 67 1 7 18329 18276 37350 5 101.827774048 101.533332825
90 112 0 1 18276 18229 38430 5 101.533332825 101.272224426
80 140 2 0 18229 18176 39870 7 101.272224426 100.977775574
80 113 1 1 18176 18113 41490 8 100.977775574 100.627777100
76 107 0 1 18113 18097 43110 8 100.627777100 100.538887024
86 123 2 0 18097 18090 44190 5 100.538887024 100.500000000
82 123 0 1 18090 18082 45630 7 100.500000000 100.455558777
72 53 1 5 18082 18041 47610 10 100.455558777 100.227775574
74 51 1 5 18041 17956 49410 9 100.227775574 99.755554199
68 5 2 0 17956 17912 51390 10 99.755554199 99.511108398
73 27 1 5 17912 17874 53010 8 99.511108398 99.300003052
78 10 0 3 17874 17846 54450 7 99.300003052 99.144447327
68 150 2 0 17846 17844 56610 11 99.144447327 99.133331299
64 64 1 6 17844 17817 58950 12 99.133331299 98.983329773
63 97 1 7 17817 17792 61830 15 98.983329773 98.844444275
66 76 2 0 17792 17790 63990 11 98.844444275 98.833335876
61 49 1 5 17790 17774 67410 18 98.833335876 98.744445801
86 65 0 7 17774 17772 68310 4 98.744445801 98.733329773
60 22 1 5 17772 17764 71910 19 98.733329773 98.688888550
62 39 2 0 17764 17759 74610 14 98.688888550 98.661109924
59 49 1 5 17759 17755 78750 22 98.661109924 98.638885498
66 12 0 3 17755 17753 81270 13 98.638885498 98.627777100
92 0 2 0 17753 17752 81810 2 98.627777100 98.622222900
59 58 1 5 17752 17735 85590 20 98.622222900 98.527778625
114 8 0 3 17735 17734 85950 1 98.527778625 98.522224426
51 46 1 5 17734 17717 92790 37 98.522224426 98.427780151
88 0 2 0 17717 17714 93510 3 98.427780151 98.411109924
57 50 1 6 17714 17710 97110 19 98.411109924 98.388885498
61 49 1 6 17710 17705 99990 15 98.388885498 98.361114502
49 51 1 5 17705 17700 108450 46 98.361114502 98.333335876
48 36 1 6 17700 17696 117450 49 98.333335876 98.311111450
112 8 0 3 17696 17694 117810 1 98.311111450 98.300003052
57 25 1 5 17694 17683 121590 20 98.300003052 98.238891602
56 63 1 6 17683 17678 126450 26 98.238891602 98.211112976
56 127 0 1 17678 17677 131490 27 98.211112976 98.205558777
62 132 0 1 17677 17666 134010 13 98.205558777 98.144447327
76 146 2 0 17666 17653 134910 4 98.144447327 98.072219849
62 111 2 0 17653 17640 137790 15 98.072219849 98.000000000
86 151 0 3 17640 17627 138510 3 98.000000000 97.927780151
45 51 1 5 17627 17626 149310 59 97.927780151 97.922225952
46 65 2 0 17626 17615 159390 55 97.922225952 97.861114502
49 49 1 6 17615 17614 168210 48 97.861114502 97.855552673
52 50 1 5 17614 17609 175050 37 97.855552673 97.827774048
55 65 1 7 17609 17606 180090 27 97.827774048 97.811111450
58 12 0 4 17606 17605 184050 21 97.811111450 97.805557251
56 75 1 1 17605 17601 188550 24 97.805557251 97.783332825
54 16 1 5 17601 17594 193410 26 97.783332825 97.744445801
44 84 0 6 17594 17593 203490 55 97.744445801 97.738891602
72 74 2 0 17593 17590 204750 6 97.738891602 97.722221375
41 13 1 4 17590 17580 219150 79 97.722221375 97.666664124
51 42 1 6 17580 17577 225090 32 97.666664124 97.650001526
52 41 2 0 17577 17573 231210 33 97.650001526 97.627777100
38 144 1 3 17573 17570 250290 105 97.627777100 97.611114502
40 149 1 2 17570 17563 266670 90 97.611114502 97.572219849
32 78 1 0 17563 17557 294390 153 97.572219849 97.538887024
78 82 0 7 17557 17551 295650 6 97.538887024 97.505554199
60 84 2 0 17551 17549 299070 18 97.505554199 97.494445801
14 8 0 4 17549 17544 382410 462 97.494445801 97.466667175
59 19 1 5 17544 17536 385830 18 97.466667175 97.422225952
42 24 2 0 17536 17532 398250 68 97.422225952 97.400001526
12 36 0 6 17532 17531 491670 518 97.400001526 97.394447327
