SetMedian AvgDist: 143.03334 TotalDist: 32310
R 33333333333433443444545545555556565665676676676765544444455445454454545556677777770011100011011000000065555655555555655677777701011101100011111111210111111111111211121121122222223232333
Mean AvgDist: 132.31667 TotalDist: 933930
R 333333333443444545455555556565666667667667676655454444454445444545455566777770001000100001000000000077665655655565556566777700111111112112111112111112111112121112112112222222323233
Time taken by program is : 102.20875sec
190 99 0 7 25746 25730 32850 1 143.033340454 142.944442749
184 0 2 0 25730 25602 33210 1 142.944442749 142.233337402
150 0 2 0 25602 25524 33750 2 142.233337402 141.800003052
128 134 2 0 25524 25353 34470 3 141.800003052 140.850006104
124 100 0 7 25353 25286 35370 4 140.850006104 140.477783203
114 135 2 0 25286 25120 35910 2 140.477783203 139.555557251
112 0 2 0 25120 25083 36630 3 139.555557251 139.350006104
108 0 2 0 25083 25074 37350 3 139.350006104 139.300003052
108 101 2 0 25074 25033 38250 4 139.300003052 139.072219849
100 177 2 0 25033 24991 39330 5 139.072219849 138.838882446
92 42 0 7 24991 24977 40950 8 138.838882446 138.761108398
89 126 1 1 24977 24893 42570 8 138.761108398 138.294448853
102 130 2 0 24893 24753 43650 5 138.294448853 137.516662598
100 143 2 0 24753 24645 44730 5 137.516662598 136.916671753
85 132 1 1 24645 24544 46890 11 136.916671753 136.355560303
84 81 0 0 24544 24520 49410 13 136.355560303 136.222229004
84 103 2 0 24520 24517 51570 11 136.222229004 136.205551147
75 118 1 6 24517 24434 55350 20 136.205551147 135.744445801
78 82 2 0 24434 24428 58410 16 135.744445801 135.711105347
82 80 0 1 24428 24424 61110 14 135.711105347 135.688888550
74 33 1 6 24424 24376 64890 20 135.688888550 135.422225952
72 41 2 0 24376 24371 68850 21 135.422225952 135.394439697
67 76 1 0 24371 24330 73890 27 135.394439697 135.166671753
70 59 1 3 24330 24328 78570 25 135.166671753 135.155548096
64 87 2 0 24328 24315 84330 31 135.155548096 135.083328247
74 115 0 5 24315 24311 88650 23 135.083328247 135.061111450
68 90 1 0 24311 24266 94050 29 135.061111450 134.811111450
64 20 1 5 24266 24239 100170 33 134.811111450 134.661117554
60 48 0 5 24239 24219 107370 39 134.661117554 134.550003052
62 60 2 0 24219 24201 114210 37 134.550003052 134.449996948
59 99 1 7 24201 24157 122310 44 134.449996948 134.205551147
82 104 2 0 24157 24150 124830 13 134.205551147 134.166671753
90 103 0 5 24150 24147 126810 10 134.166671753 134.149993896
74 105 2 0 24147 24145 130950 22 134.149993896 134.138885498
70 87 0 0 24145 24124 135810 26 134.138885498 134.022216797
59 77 1 0 24124 24095 143910 44 134.022216797 133.861114502
58 30 1 6 24095 24084 152730 48 133.861114502 133.800003052
124 7 0 3 24084 24083 153450 3 133.800003052 133.794448853
56 8 2 0 24083 24071 163170 53 133.794448853 133.727783203
98 0 2 0 24071 24068 164790 8 133.727783203 133.711105347
57 54 1 4 24068 24026 173790 49 133.711105347 133.477783203
54 107 0 6 24026 24016 184050 56 133.477783203 133.422225952
62 105 2 0 24016 24012 191070 38 133.422225952 133.399993896
82 111 0 5 24012 24010 193410 12 133.399993896 133.388885498
86 101 2 0 24010 24007 195390 10 133.388885498 133.372222900
55 121 1 0 24007 23999 205290 54 133.372222900 133.327774048
128 105 0 5 23999 23998 206190 4 133.327774048 133.322219849
56 135 0 2 23998 23991 215370 50 133.322219849 133.283340454
80 124 2 0 23991 23985 217710 12 133.283340454 133.250000000
53 146 1 2 23985 23961 228330 58 133.250000000 133.116668701
52 87 1 0 23961 23951 238590 56 133.116668701 133.061111450
51 152 1 2 23951 23941 249930 62 133.061111450 133.005554199
50 123 1 1 23941 23938 262350 68 133.005554199 132.988891602
49 9 1 3 23938 23937 275850 74 132.988891602 132.983337402
48 114 1 6 23937 23932 290250 79 132.983337402 132.955551147
49 86 1 1 23932 23930 302670 68 132.955551147 132.944442749
46 95 2 0 23930 23929 319230 91 132.944442749 132.938888550
54 86 0 0 23929 23915 329310 55 132.938888550 132.861114502
53 90 1 0 23915 23912 338670 51 132.861114502 132.844451904
50 112 1 5 23912 23909 350550 65 132.844451904 132.827774048
51 110 1 6 23909 23888 361710 61 132.827774048 132.711105347
46 101 0 6 23888 23880 376470 81 132.711105347 132.666671753
86 102 2 0 23880 23870 378270 9 132.666671753 132.611114502
43 28 1 5 23870 23864 399690 118 132.611114502 132.577774048
40 28 0 6 23864 23861 425610 143 132.577774048 132.561111450
46 18 1 4 23861 23853 442890 95 132.561111450 132.516662598
46 9 1 4 23853 23850 459450 91 132.516662598 132.500000000
41 43 1 6 23850 23844 483930 135 132.500000000 132.466659546
32 43 0 7 23844 23840 532890 271 132.466659546 132.444442749
30 83 1 0 23840 23823 586890 299 132.444442749 132.350006104
26 134 0 2 23823 23818 650430 352 132.350006104 132.322219849
28 125 1 0 23818 23817 708750 323 132.322219849 132.316665649
