SetMedian AvgDist: 133.72223 TotalDist: 32310
T 33333333333333343345567777767777677767776655556555555556555655555555555555556777770001111111111112111111211111121200777776776707700111122333322333333333333332333
Mean AvgDist: 127.02778 TotalDist: 839250
T 33333333333334344555667677777777777777777766556555556555555655565655556555556677770111111111121112111112111211111110077777777777777770011112233333333333333332333332333
Time taken by program is : 86.45842sec
482 141 0 3 24070 24050 33210 3 133.722229004 133.611114502
420 142 0 3 24050 24040 33930 3 133.611114502 133.555557251
234 121 0 7 24040 23920 35190 6 133.555557251 132.888885498
206 21 0 7 23920 23903 36630 7 132.888885498 132.794448853
186 123 0 7 23903 23812 38070 7 132.794448853 132.288894653
164 124 0 7 23812 23758 39690 8 132.288894653 131.988891602
144 148 0 3 23758 23750 41490 9 131.988891602 131.944442749
144 0 2 0 23750 23740 43470 10 131.944442749 131.888885498
132 140 2 0 23740 23731 45810 12 131.888885498 131.838882446
158 147 0 3 23731 23722 47430 8 131.838882446 131.788894653
144 140 2 0 23722 23708 49410 10 131.788894653 131.711105347
108 124 0 7 23708 23681 53370 21 131.711105347 131.561111450
100 27 0 7 23681 23651 58050 25 131.561111450 131.394439697
88 43 2 0 23651 23635 64350 34 131.394439697 131.305557251
86 84 1 1 23635 23565 70830 35 131.305557251 130.916671753
86 16 0 4 23565 23544 77310 35 130.916671753 130.800003052
148 0 2 0 23544 23536 79470 11 130.800003052 130.755554199
82 28 0 7 23536 23527 86490 38 130.755554199 130.705551147
86 44 2 0 23527 23515 93150 36 130.705551147 130.638885498
81 125 1 7 23515 23446 100170 38 130.638885498 130.255554199
77 34 1 7 23446 23396 107730 41 130.255554199 129.977783203
74 128 2 0 23396 23361 116190 46 129.977783203 129.783340454
69 129 1 7 23361 23314 125010 48 129.783340454 129.522216797
68 38 1 7 23314 23294 134370 51 129.522216797 129.411117554
68 104 0 1 23294 23287 143730 51 129.411117554 129.372222900
74 112 2 0 23287 23248 152190 46 129.372222900 129.155548096
70 113 2 0 23248 23240 161190 49 129.155548096 129.111114502
104 105 0 1 23240 23206 166410 28 129.111114502 128.922225952
68 77 1 6 23206 23162 176130 53 128.922225952 128.677780151
68 106 0 1 23162 23160 185850 53 128.677780151 128.666671753
68 20 2 0 23160 23134 196110 56 128.666671753 128.522216797
90 41 0 7 23134 23125 202770 36 128.522216797 128.472229004
68 47 2 0 23125 23123 212490 53 128.472229004 128.461105347
64 144 2 0 23123 23107 223110 58 128.461105347 128.372222900
284 161 0 3 23107 23106 224010 4 128.372222900 128.366668701
60 16 1 5 23106 23093 234990 60 128.366668701 128.294448853
96 15 0 3 23093 23092 240210 28 128.294448853 128.288894653
60 29 1 7 23092 23078 251370 61 128.288894653 128.211105347
156 0 2 0 23078 23077 253170 9 128.211105347 128.205551147
68 21 2 0 23077 23076 262530 51 128.205551147 128.199996948
684 12 0 3 23076 23075 262890 1 128.199996948 128.194442749
50 64 1 6 23075 23044 277650 81 128.194442749 128.022216797
64 54 0 5 23044 23037 288450 59 128.022216797 127.983329773
54 83 1 1 23037 23032 301230 70 127.983329773 127.955558777
55 74 1 6 23032 23025 314010 70 127.955558777 127.916664124
47 103 1 2 23025 23006 330030 88 127.916664124 127.811111450
46 20 1 6 23006 22988 346770 92 127.811111450 127.711112976
55 18 1 5 22988 22943 359010 67 127.711112976 127.461112976
92 83 2 0 22943 22942 364590 30 127.461112976 127.455558777
62 15 0 4 22942 22937 375210 58 127.455558777 127.427780151
74 16 2 0 22937 22927 383850 47 127.427780151 127.372222900
42 90 0 2 22927 22920 400590 92 127.372222900 127.333335876
43 94 1 2 22920 22906 418050 96 127.333335876 127.255554199
70 90 2 0 22906 22903 427410 51 127.255554199 127.238891602
48 96 0 1 22903 22899 442350 82 127.238891602 127.216667175
37 52 1 6 22899 22895 464850 124 127.216667175 127.194442749
52 55 1 5 22895 22888 477810 71 127.194442749 127.155555725
46 63 1 6 22888 22883 493290 85 127.155555725 127.127777100
24 23 1 6 22883 22880 539370 255 127.127777100 127.111114502
59 74 1 5 22880 22879 550710 62 127.111114502 127.105552673
46 70 1 6 22879 22878 566370 86 127.105552673 127.099998474
18 157 1 2 22878 22872 628110 342 127.099998474 127.066665649
60 147 2 0 22872 22871 639090 60 127.066665649 127.061111450
306 156 0 3 22871 22865 639990 4 127.061111450 127.027778625
