SetMedian AvgDist: 179.05556 TotalDist: 32310
U 3333454456555546556656555656556555555542323322222221211111111111121212111223333455454555665555565656555555556556555545666777777011077677767777777700011011212111112112112112111111211211112
Mean AvgDist: 167.64444 TotalDist: 1430550
U 33344555555555556555656555655655655655565543222222121211212111211121111211112121223334455555556556555655565555556555555566677777001111111111111111211112111211211112111211112
Time taken by program is : 109.89498sec
148 121 2 0 32230 32132 34470 10 179.055557251 178.511108398
142 121 2 0 32132 32055 36810 12 178.511108398 178.083328247
144 121 2 0 32055 31995 38970 11 178.083328247 177.750000000
140 131 2 0 31995 31918 41310 12 177.750000000 177.322219849
138 128 2 0 31918 31852 43830 13 177.322219849 176.955551147
134 133 2 0 31852 31811 46530 14 176.955551147 176.727783203
132 133 2 0 31811 31765 49410 15 176.727783203 176.472229004
132 133 2 0 31765 31740 52290 15 176.472229004 176.333328247
126 128 2 0 31740 31722 55170 15 176.333328247 176.233337402
128 129 2 0 31722 31713 57870 14 176.233337402 176.183334351
122 121 2 0 31713 31703 60930 16 176.183334351 176.127777100
120 121 2 0 31703 31702 64350 18 176.127777100 176.122222900
116 32 0 6 31702 31636 68310 21 176.122222900 175.755554199
101 7 1 5 31636 31527 73890 30 175.755554199 175.149993896
98 127 2 0 31527 31515 79650 31 175.149993896 175.083328247
98 44 1 1 31515 31476 85050 29 175.083328247 174.866668701
98 43 0 1 31476 31473 90630 30 174.866668701 174.850006104
95 14 1 5 31473 31363 96030 29 174.850006104 174.238891602
102 38 0 6 31363 31339 101430 29 174.238891602 174.105560303
98 34 0 6 31339 31308 106830 29 174.105560303 173.933334351
92 46 1 1 31308 31287 112590 31 173.933334351 173.816665649
90 84 2 0 31287 31196 118530 32 173.816665649 173.311111450
84 87 1 5 31196 31124 124650 33 173.311111450 172.911117554
84 121 2 0 31124 31105 131130 35 172.911117554 172.805557251
98 125 1 3 31105 31103 135990 26 172.805557251 172.794448853
76 69 0 1 31103 31087 143190 39 172.794448853 172.705551147
76 128 2 0 31087 31085 150750 41 172.705551147 172.694442749
82 127 1 7 31085 31080 157230 35 172.694442749 172.666671753
105 126 1 6 31080 31041 161370 22 172.666671753 172.449996948
110 130 2 0 31041 31035 165150 20 172.449996948 172.416671753
108 124 2 0 31035 31025 169290 22 172.416671753 172.361114502
84 124 2 0 31025 30970 175410 33 172.361114502 172.055557251
92 134 0 1 30970 30969 180630 28 172.055557251 172.050003052
84 120 1 6 30969 30941 186390 31 172.050003052 171.894439697
108 125 2 0 30941 30938 189810 18 171.894439697 171.877777100
78 101 1 5 30938 30881 197010 39 171.877777100 171.561111450
76 92 2 0 30881 30827 204210 39 171.561111450 171.261108398
300 125 0 7 30827 30824 204930 3 171.261108398 171.244445801
106 127 2 0 30824 30823 208710 20 171.244445801 171.238891602
76 70 0 1 30823 30822 215370 36 171.238891602 171.233337402
88 45 2 0 30822 30811 220590 28 171.233337402 171.172225952
74 136 1 2 30811 30781 227790 39 171.172225952 171.005554199
74 130 0 7 30781 30778 234810 38 171.005554199 170.988891602
70 42 0 3 30778 30777 243450 47 170.988891602 170.983337402
88 46 2 0 30777 30763 248310 26 170.983337402 170.905548096
70 119 2 0 30763 30759 256770 46 170.905548096 170.883331299
130 122 0 7 30759 30756 259830 16 170.883331299 170.866668701
68 167 1 1 30756 30736 268830 49 170.866668701 170.755554199
68 53 1 1 30736 30722 278730 54 170.755554199 170.677780151
68 86 1 5 30722 30721 288630 54 170.677780151 170.672225952
72 83 1 4 30721 30689 296730 44 170.672225952 170.494445801
67 9 1 5 30689 30648 305910 50 170.494445801 170.266662598
76 15 0 5 30648 30634 313650 42 170.266662598 170.188888550
76 19 2 0 30634 30603 321390 42 170.188888550 170.016662598
86 38 0 6 30603 30598 327690 34 170.016662598 169.988891602
78 45 1 1 30598 30594 335430 42 169.988891602 169.966659546
66 152 1 1 30594 30568 346050 58 169.966659546 169.822219849
98 123 2 0 30568 30567 350190 22 169.822219849 169.816665649
102 127 2 0 30567 30566 353610 18 169.816665649 169.811111450
65 50 1 1 30566 30556 364050 57 169.811111450 169.755554199
63 6 1 5 30556 30539 375570 63 169.755554199 169.661117554
64 40 2 0 30539 30536 386370 59 169.661117554 169.644439697
70 36 0 6 30536 30535 394290 43 169.644439697 169.638885498
62 163 0 1 30535 30530 406350 66 169.638885498 169.611114502
59 66 1 2 30530 30491 419490 72 169.611114502 169.394439697
62 73 1 1 30491 30476 431730 67 169.394439697 169.311111450
58 3 1 4 30476 30443 445950 78 169.311111450 169.127777100
58 139 1 1 30443 30434 459450 74 169.127777100 169.077774048
104 124 2 0 30434 30430 463230 20 169.077774048 169.055557251
56 32 2 0 30430 30420 478530 84 169.055557251 169.000000000
62 19 0 5 30420 30395 490590 66 169.000000000 168.861114502
55 135 1 1 30395 30382 505710 83 168.861114502 168.788894653
76 129 0 7 30382 30381 513450 42 168.788894653 168.783340454
66 121 2 0 30381 30376 523890 57 168.783340454 168.755554199
57 77 1 2 30376 30361 537570 75 168.755554199 168.672225952
56 43 0 2 30361 30358 551430 76 168.672225952 168.655548096
102 126 2 0 30358 30357 555750 23 168.655548096 168.649993896
56 167 0 2 30357 30341 570510 81 168.649993896 168.561111450
60 125 2 0 30341 30335 583110 69 168.561111450 168.527770996
58 139 1 1 30335 30323 596790 75 168.527770996 168.461105347
55 70 1 2 30323 30319 611730 82 168.461105347 168.438888550
62 53 1 1 30319 30317 622710 60 168.438888550 168.427780151
58 43 0 3 30317 30315 636030 73 168.427780151 168.416671753
82 47 2 0 30315 30311 642150 33 168.416671753 168.394439697
56 63 1 2 30311 30278 657090 82 168.394439697 168.211105347
53 113 1 5 30278 30270 674550 96 168.211105347 168.166671753
56 131 1 2 30270 30268 689310 81 168.166671753 168.155548096
57 131 1 1 30268 30250 702810 74 168.155548096 168.055557251
54 116 2 0 30250 30249 719370 91 168.055557251 168.050003052
58 161 0 1 30249 30247 732870 74 168.050003052 168.038894653
48 157 1 2 30247 30243 755190 123 168.038894653 168.016662598
54 144 1 1 30243 30242 771930 92 168.016662598 168.011108398
52 136 1 2 30242 30241 790290 101 168.011108398 168.005554199
46 120 1 6 30241 30235 816030 142 168.005554199 167.972229004
53 145 1 2 30235 30233 833490 96 167.972229004 167.961105347
55 153 1 1 30233 30229 849150 86 167.961105347 167.938888550
46 59 1 2 30229 30220 876330 150 167.938888550 167.888885498
44 112 1 6 30220 30217 906750 168 167.888885498 167.872222900
51 154 1 2 30217 30215 925290 102 167.872222900 167.861114502
52 136 1 1 30215 30214 942390 94 167.861114502 167.855560303
38 48 1 2 30214 30207 985770 240 167.855560303 167.816665649
70 45 1 1 30207 30204 994590 48 167.816665649 167.800003052
82 45 2 0 30204 30200 1001790 39 167.800003052 167.777770996
42 28 0 5 30200 30199 1034190 179 167.777770996 167.772216797
56 37 2 0 30199 30196 1048410 78 167.772216797 167.755554199
34 96 0 6 30196 30188 1097910 274 167.755554199 167.711105347
44 105 2 0 30188 30182 1126530 158 167.711105347 167.677780151
50 126 0 7 30182 30181 1147770 117 167.677780151 167.672225952
44 75 0 1 30181 30179 1176930 161 167.672225952 167.661117554
60 69 1 1 30179 30176 1189890 71 167.661117554 167.644439697
