SetMedian AvgDist: 230.41667 TotalDist: 32310
W 333344555545566765556555555655565556566567666767777777001110766656666665676777001110111111111111111101111111111101111121244545545455555455555555555555422222222122121212111122345454555565655555554332322221221111111111111111212121
Mean AvgDist: 214.66112 TotalDist: 2402010
W 333444555555555655565556556556655566566656666777770001101111111076656566566565676777001111111111112111111111111111111112233344545555555555555655556565554322121121112111122334455565555565655555432212121211212111121112111121111111112
Time taken by program is : 374.53528sec
258 55 0 1 41475 41376 32670 0 230.416671753 229.866668701
226 54 0 1 41376 41316 32850 0 229.866668701 229.533340454
192 55 0 1 41316 41267 33210 1 229.533340454 229.261108398
166 53 0 1 41267 41225 34110 4 229.261108398 229.027770996
162 124 0 3 41225 41181 35010 4 229.027770996 228.783340454
148 227 0 1 41181 41093 36450 7 228.783340454 228.294448853
130 54 0 1 41093 41076 38430 10 228.294448853 228.199996948
126 15 1 5 41076 40871 40590 11 228.199996948 227.061111450
114 229 0 1 40871 40812 42930 12 227.061111450 226.733337402
102 204 1 1 40812 40705 45990 16 226.733337402 226.138885498
102 85 2 0 40705 40619 49230 17 226.138885498 225.661117554
98 85 2 0 40619 40564 52470 17 225.661117554 225.355560303
108 71 0 5 40564 40520 55170 14 225.355560303 225.111114502
98 128 2 0 40520 40481 58410 17 225.111114502 224.894439697
104 125 1 3 40481 40353 61650 17 224.894439697 224.183334351
96 129 2 0 40353 40348 65250 19 224.183334351 224.155548096
93 154 1 7 40348 40342 69030 20 224.155548096 224.122222900
112 154 2 0 40342 40249 71370 12 224.122222900 223.605560303
90 55 0 1 40249 40246 75330 21 223.605560303 223.588882446
90 105 2 0 40246 40175 79110 20 223.588882446 223.194442749
86 230 1 1 40175 40137 83610 24 223.194442749 222.983337402
86 74 0 5 40137 40119 88110 24 222.983337402 222.883331299
86 136 0 6 40119 40114 92610 24 222.883331299 222.855560303
88 88 2 0 40114 40091 96210 19 222.855560303 222.727783203
82 56 1 1 40091 40024 100890 25 222.727783203 222.355560303
82 199 1 1 40024 39996 105570 25 222.355560303 222.199996948
134 198 0 2 39996 39995 106470 4 222.199996948 222.194442749
90 199 1 1 39995 39964 109890 18 222.194442749 222.022216797
80 89 2 0 39964 39961 115470 30 222.022216797 222.005554199
80 10 1 5 39961 39878 121410 32 222.005554199 221.544448853
80 13 2 0 39878 39832 127350 32 221.544448853 221.288894653
79 228 1 1 39832 39807 133290 32 221.288894653 221.149993896
78 130 1 5 39807 39756 139230 32 221.149993896 220.866668701
76 121 1 2 39756 39659 145530 34 220.866668701 220.327774048
76 163 2 0 39659 39622 151830 34 220.327774048 220.122222900
75 137 1 5 39622 39562 158490 36 220.122222900 219.788894653
74 140 0 6 39562 39554 165330 37 219.788894653 219.744445801
82 133 2 0 39554 39544 170730 29 219.744445801 219.688888550
74 179 1 6 39544 39494 178110 40 219.688888550 219.411117554
69 203 1 1 39494 39461 185850 42 219.411117554 219.227783203
86 205 0 1 39461 39439 190710 26 219.227783203 219.105560303
68 114 2 0 39439 39404 199530 48 219.105560303 218.911117554
96 13 0 5 39404 39403 203130 19 218.911117554 218.905548096
68 120 0 1 39403 39382 211770 47 218.905548096 218.788894653
65 232 1 2 39382 39368 221850 55 218.788894653 218.711105347
64 169 2 0 39368 39341 232290 57 218.711105347 218.561111450
61 201 1 1 39341 39333 244350 66 218.561111450 218.516662598
60 169 2 0 39333 39326 257130 70 218.516662598 218.477783203
66 144 0 6 39326 39314 266490 51 218.477783203 218.411117554
72 140 2 0 39314 39313 272610 33 218.411117554 218.405548096
80 147 0 6 39313 39305 278730 33 218.405548096 218.361114502
60 53 2 0 39305 39301 291690 71 218.361114502 218.338882446
60 42 2 0 39301 39295 306450 81 218.338882446 218.305557251
66 32 0 6 39295 39288 316890 57 218.305557251 218.266662598
60 14 2 0 39288 39271 330930 77 218.266662598 218.172225952
58 46 2 0 39271 39267 347310 90 218.172225952 218.149993896
82 56 0 1 39267 39263 352530 28 218.149993896 218.127777100
64 50 0 0 39263 39257 363870 62 218.127777100 218.094451904
62 52 2 0 39257 39240 376290 68 218.094451904 218.000000000
56 75 1 5 39240 39237 392850 91 218.000000000 217.983337402
56 182 1 5 39237 39231 409590 92 217.983337402 217.949996948
56 34 1 6 39231 39230 426870 95 217.949996948 217.944442749
100 15 0 5 39230 39228 430110 17 217.944442749 217.933334351
56 215 1 2 39228 39198 446670 91 217.933334351 217.766662598
60 205 1 1 39198 39197 461430 81 217.766662598 217.761108398
55 3 1 4 39197 39194 478530 94 217.761108398 217.744445801
52 154 2 0 39194 39172 497970 107 217.744445801 217.622222900
92 163 0 1 39172 39165 501390 18 217.622222900 217.583328247
60 164 0 1 39165 39153 514530 72 217.583328247 217.516662598
60 154 2 0 39153 39116 528030 74 217.516662598 217.311111450
60 168 0 1 39116 39114 542070 77 217.311111450 217.300003052
60 154 2 0 39114 39081 555210 72 217.300003052 217.116668701
53 172 1 3 39081 39078 574470 106 217.116668701 217.100006104
72 157 0 1 39078 39076 582030 41 217.100006104 217.088882446
62 179 2 0 39076 39075 594090 66 217.088882446 217.083328247
50 124 1 3 39075 39033 616230 122 217.083328247 216.850006104
52 46 2 0 39033 39015 636390 111 216.850006104 216.750000000
50 84 2 0 39015 38997 659250 126 216.750000000 216.649993896
70 118 0 1 38997 38982 666990 42 216.649993896 216.566665649
49 57 1 1 38982 38965 690570 130 216.566665649 216.472229004
50 51 1 1 38965 38958 713070 124 216.472229004 216.433334351
48 202 0 2 38958 38950 738990 143 216.433334351 216.388885498
84 194 2 0 38950 38947 743850 26 216.388885498 216.372222900
50 184 0 5 38947 38938 767430 130 216.372222900 216.322219849
64 175 2 0 38938 38930 778770 62 216.322219849 216.277770996
62 156 2 0 38930 38927 791190 68 216.277770996 216.261108398
48 66 0 5 38927 38925 816750 141 216.261108398 216.250000000
66 51 2 0 38925 38924 826290 52 216.250000000 216.244445801
82 49 0 0 38924 38912 831690 29 216.244445801 216.177780151
60 52 2 0 38912 38911 845190 74 216.177780151 216.172225952
48 37 0 6 38911 38909 871470 145 216.172225952 216.161117554
60 44 2 0 38909 38906 886410 82 216.161117554 216.144439697
56 41 1 6 38906 38895 904770 101 216.144439697 216.083328247
100 16 0 5 38895 38891 907830 16 216.083328247 216.061111450
49 27 1 6 38891 38886 933750 143 216.061111450 216.033340454
48 71 2 0 38886 38883 958770 138 216.033340454 216.016662598
60 68 0 5 38883 38878 972630 76 216.016662598 215.988891602
68 66 2 0 38878 38877 981810 50 215.988891602 215.983337402
46 178 0 6 38877 38868 1009890 155 215.983337402 215.933334351
48 153 2 0 38868 38858 1035270 140 215.933334351 215.877777100
90 163 0 1 38858 38857 1039230 21 215.877777100 215.872222900
48 158 0 1 38857 38856 1065690 146 215.872222900 215.866668701
52 163 2 0 38856 38849 1085850 111 215.866668701 215.827774048
48 153 2 0 38849 38848 1112130 145 215.827774048 215.822219849
78 163 0 1 38848 38846 1117710 30 215.822219849 215.811111450
48 169 1 2 38846 38838 1142910 139 215.811111450 215.766662598
45 98 1 2 38838 38811 1174410 174 215.766662598 215.616668701
44 167 1 1 38811 38799 1208430 188 215.616668701 215.550003052
44 219 1 2 38799 38795 1241010 180 215.550003052 215.527770996
66 224 1 1 38795 38791 1249290 45 215.527770996 215.505554199
49 223 1 2 38791 38789 1273410 133 215.505554199 215.494445801
47 210 1 2 38789 38778 1301490 155 215.494445801 215.433334351
65 223 1 1 38778 38776 1310130 47 215.433334351 215.422225952
48 205 0 1 38776 38770 1336230 144 215.422225952 215.388885498
80 194 2 0 38770 38762 1340910 25 215.388885498 215.344451904
50 193 0 3 38762 38729 1364130 128 215.344451904 215.161117554
58 155 2 0 38729 38727 1378170 77 215.161117554 215.149993896
84 163 0 1 38727 38723 1382310 22 215.149993896 215.127777100
45 204 1 2 38723 38706 1415430 183 215.127777100 215.033340454
42 59 1 1 38706 38693 1456470 227 215.033340454 214.961105347
36 3 1 3 38693 38692 1516770 334 214.961105347 214.955551147
44 14 0 6 38692 38690 1551510 192 214.955551147 214.944442749
64 37 2 0 38690 38689 1561050 52 214.944442749 214.938888550
36 51 1 0 38689 38671 1617570 313 214.938888550 214.838882446
56 45 2 0 38671 38669 1633410 87 214.838882446 214.827774048
82 14 0 5 38669 38663 1637550 22 214.827774048 214.794448853
52 26 1 6 38663 38658 1658250 114 214.794448853 214.766662598
52 3 1 4 38658 38655 1679670 118 214.766662598 214.750000000
48 37 1 6 38655 38650 1709370 164 214.750000000 214.722229004
40 149 0 6 38650 38649 1755990 258 214.722229004 214.716659546
72 145 2 0 38649 38648 1762650 36 214.716659546 214.711105347
33 186 1 6 38648 38647 1833210 391 214.711105347 214.705551147
28 55 1 0 38647 38644 1921950 492 214.705551147 214.688888550
26 153 1 3 38644 38641 2017530 530 214.688888550 214.672225952
45 146 1 6 38641 38639 2051370 187 214.672225952 214.661117554
