SetMedian AvgDist: 152.87778 TotalDist: 32310
X 333343455555666566666656665655545444544454444454556676777707070000007000076566566566665656767777001111211221222121221222122100101001111111112233343344544432222122222222
Mean AvgDist: 144.32222 TotalDist: 1458270
X 33334445545555565666656656665666555545454454445445455566777700000100010007666666566666566677777011111212222221222122211110100010010111112334444444432211221121122
Time taken by program is : 107.91549sec
156 145 2 0 27518 27473 33930 7 152.877777100 152.627777100
152 147 2 0 27473 27457 35910 10 152.627777100 152.538894653
144 142 2 0 27457 27388 38430 13 152.538894653 152.155548096
138 147 2 0 27388 27384 41490 16 152.155548096 152.133331299
154 145 0 4 27384 27373 44010 13 152.133331299 152.072219849
138 142 2 0 27373 27332 47250 17 152.072219849 151.844451904
134 142 2 0 27332 27325 50850 19 151.844451904 151.805557251
232 144 0 4 27325 27321 51750 4 151.805557251 151.783340454
130 8 0 4 27321 27272 55710 21 151.783340454 151.511108398
132 7 0 4 27272 27257 59310 19 151.511108398 151.427780151
122 147 2 0 27257 27225 63630 23 151.427780151 151.250000000
120 77 2 0 27225 27119 67770 22 151.250000000 150.661117554
106 141 2 0 27119 27081 72810 27 150.661117554 150.449996948
104 54 2 0 27081 26969 78030 28 150.449996948 149.827774048
94 10 0 4 26969 26967 84330 34 149.827774048 149.816665649
92 4 2 0 26967 26947 90990 36 149.816665649 149.705551147
94 13 0 6 26947 26933 97470 35 149.705551147 149.627777100
92 60 2 0 26933 26887 103590 33 149.627777100 149.372222900
90 56 2 0 26887 26842 110070 35 149.372222900 149.122222900
104 148 2 0 26842 26841 114750 25 149.122222900 149.116668701
166 143 0 5 26841 26840 116910 11 149.116668701 149.111114502
150 143 0 4 26840 26836 119430 13 149.111114502 149.088882446
136 144 2 0 26836 26823 122670 17 149.088882446 149.016662598
94 64 0 1 26823 26806 129150 35 149.016662598 148.922225952
86 0 2 0 26806 26780 137070 43 148.922225952 148.777770996
108 6 0 4 26780 26749 143010 32 148.777770996 148.605560303
92 6 0 5 26749 26742 150750 42 148.605560303 148.566665649
82 79 2 0 26742 26719 158850 44 148.566665649 148.438888550
76 155 0 1 26719 26683 168750 54 148.438888550 148.238891602
102 140 2 0 26683 26681 174510 31 148.238891602 148.227783203
73 70 1 0 26681 26605 184770 56 148.227783203 147.805557251
66 35 2 0 26605 26572 196470 64 147.805557251 147.622222900
68 9 2 0 26572 26563 207090 58 147.622222900 147.572219849
94 12 0 6 26563 26556 213570 35 147.572219849 147.533340454
65 61 1 0 26556 26531 225270 64 147.533340454 147.394439697
70 65 2 0 26531 26514 235530 56 147.394439697 147.300003052
66 100 2 0 26514 26490 247050 63 147.300003052 147.166671753
70 110 1 2 26490 26444 257670 58 147.166671753 146.911117554
70 94 2 0 26444 26426 268470 59 146.911117554 146.811111450
76 95 2 0 26426 26413 277290 48 146.811111450 146.738891602
68 148 0 1 26413 26406 288450 61 146.738891602 146.699996948
102 144 2 0 26406 26402 294030 30 146.699996948 146.677780151
70 150 0 1 26402 26400 304650 58 146.677780151 146.666671753
98 144 2 0 26400 26399 310950 34 146.666671753 146.661117554
66 118 0 0 26399 26397 322650 64 146.661117554 146.649993896
92 151 2 0 26397 26396 329490 37 146.649993896 146.644439697
168 146 0 2 26396 26380 331290 9 146.644439697 146.555557251
82 154 0 1 26380 26360 339570 45 146.555557251 146.444442749
100 152 2 0 26360 26359 345330 31 146.444442749 146.438888550
60 79 0 6 26359 26353 359010 75 146.438888550 146.405548096
66 85 2 0 26353 26337 371430 68 146.405548096 146.316665649
156 147 0 2 26337 26336 373590 11 146.316665649 146.311111450
90 155 2 0 26336 26317 380970 40 146.311111450 146.205551147
92 151 0 2 26317 26313 387990 38 146.205551147 146.183334351
102 145 2 0 26313 26311 393570 30 146.183334351 146.172225952
60 135 1 3 26311 26274 407610 77 146.172225952 145.966659546
59 117 1 1 26274 26234 422730 83 145.966659546 145.744445801
68 106 0 2 26234 26227 434610 65 145.744445801 145.705551147
57 55 1 7 26227 26216 450090 85 145.705551147 145.644439697
78 7 0 5 26216 26213 459450 51 145.644439697 145.627777100
55 51 1 5 26213 26212 475110 86 145.627777100 145.622222900
58 10 2 0 26212 26186 489330 78 145.622222900 145.477783203
60 6 0 4 26186 26178 504630 84 145.477783203 145.433334351
52 136 1 2 26178 26149 522450 98 145.433334351 145.272216797
50 120 0 1 26149 26144 541530 105 145.272216797 145.244445801
74 101 2 0 26144 26135 552150 58 145.244445801 145.194442749
56 107 0 2 26135 26134 567270 83 145.194442749 145.188888550
54 69 0 1 26134 26133 583290 88 145.188888550 145.183334351
86 61 2 0 26133 26121 591030 42 145.183334351 145.116668701
51 48 1 5 26121 26114 608670 97 145.116668701 145.077774048
51 32 1 5 26114 26113 627030 101 145.077774048 145.072219849
54 50 2 0 26113 26104 643590 91 145.072219849 145.022216797
51 23 1 5 26104 26103 661230 97 145.022216797 145.016662598
74 38 0 5 26103 26097 671850 58 145.016662598 144.983337402
48 89 1 6 26097 26085 691830 110 144.983337402 144.916671753
49 108 1 2 26085 26073 711810 110 144.916671753 144.850006104
48 158 1 1 26073 26064 732330 113 144.850006104 144.800003052
47 109 1 1 26064 26062 753390 116 144.800003052 144.788894653
46 123 2 0 26062 26053 775890 124 144.788894653 144.738891602
44 130 1 0 26053 26037 801810 143 144.738891602 144.649993896
55 124 1 0 26037 26032 818730 93 144.649993896 144.622222900
41 13 1 5 26032 26019 847890 161 144.622222900 144.550003052
60 60 1 0 26019 26018 861930 77 144.550003052 144.544448853
42 46 2 0 26018 26015 889110 150 144.544448853 144.527770996
50 35 1 4 26015 26011 909630 113 144.527770996 144.505554199
40 20 0 6 26011 26006 939330 164 144.505554199 144.477783203
28 95 0 7 26006 25998 992790 296 144.477783203 144.433334351
100 75 2 0 25998 25994 998550 31 144.433334351 144.411117554
41 73 1 7 25994 25992 1026450 154 144.411117554 144.399993896
38 60 0 7 25992 25991 1059750 184 144.399993896 144.394439697
52 74 2 0 25991 25990 1077570 98 144.394439697 144.388885498
53 60 1 0 25990 25989 1094850 95 144.388885498 144.383331299
43 73 1 7 25989 25986 1119510 136 144.383331299 144.366668701
54 74 1 6 25986 25984 1136610 94 144.366668701 144.355560303
37 118 1 1 25984 25983 1170990 190 144.355560303 144.350006104
18 146 0 4 25983 25978 1254330 462 144.350006104 144.322219849
