SetMedian AvgDist: 141.61111 TotalDist: 32310
Y 333344555555555556566556555656555555555566565565566556556565556677777001112121111212121121211110010101010001000111111111122333445454545443332221111121211121
Mean AvgDist: 135.86111 TotalDist: 1266930
Y 3334445555565565565665566566656566565656566565655566556555656556566777770111111121112121121211111110001100011001110111112334445554554545443221221122122112121212
Time taken by program is : 119.06987sec
272 127 0 5 25490 25476 32670 0 141.611114502 141.533340454
248 144 0 2 25476 25444 33210 2 141.533340454 141.355560303
222 145 0 2 25444 25429 33750 2 141.355560303 141.272216797
186 146 0 2 25429 25419 34470 3 141.272216797 141.216659546
126 148 0 2 25419 25395 36270 9 141.216659546 141.083328247
124 123 2 0 25395 25376 38250 10 141.083328247 140.977783203
188 124 0 4 25376 25375 38970 3 140.977783203 140.972229004
118 138 2 0 25375 25332 41310 12 140.972229004 140.733337402
120 128 0 5 25332 25321 42930 8 140.733337402 140.672225952
118 125 2 0 25321 25306 45450 13 140.672225952 140.588882446
116 138 2 0 25306 25290 49230 20 140.588882446 140.500000000
118 147 0 2 25290 25283 51750 13 140.500000000 140.461105347
116 139 2 0 25283 25272 55530 20 140.461105347 140.399993896
106 130 0 5 25272 25260 60930 29 140.399993896 140.333328247
104 121 2 0 25260 25248 66510 30 140.333328247 140.266662598
94 127 0 5 25248 25246 73530 38 140.266662598 140.255554199
120 134 2 0 25246 25241 76050 13 140.255554199 140.227783203
90 32 1 6 25241 25135 83790 42 140.227783203 139.638885498
88 74 2 0 25135 25074 92250 46 139.638885498 139.300003052
80 36 1 6 25074 25005 101790 52 139.300003052 138.916671753
80 147 0 2 25005 24994 110790 49 138.916671753 138.855560303
112 138 2 0 24994 24979 114930 22 138.855560303 138.772216797
76 94 2 0 24979 24954 125010 55 138.772216797 138.633331299
76 123 0 4 24954 24922 134910 54 138.633331299 138.455551147
110 134 2 0 24922 24921 139770 26 138.455551147 138.449996948
94 125 0 4 24921 24918 146610 37 138.449996948 138.433334351
74 24 0 6 24918 24908 156690 55 138.433334351 138.377777100
66 27 1 6 24908 24868 167670 60 138.377777100 138.155548096
68 32 1 6 24868 24822 178650 60 138.155548096 137.899993896
62 71 1 1 24822 24817 191790 72 137.899993896 137.872222900
65 39 1 6 24817 24771 203850 66 137.872222900 137.616668701
61 108 1 1 24771 24747 217170 73 137.616668701 137.483337402
60 95 2 0 24747 24730 230670 74 137.483337402 137.388885498
120 125 2 0 24730 24729 233190 13 137.388885498 137.383331299
86 133 0 5 24729 24728 241650 46 137.383331299 137.377777100
58 3 1 4 24728 24717 256590 82 137.377777100 137.316665649
57 35 1 6 24717 24684 272070 85 137.316665649 137.133331299
56 26 1 6 24684 24670 288090 88 137.133331299 137.055557251
56 11 1 6 24670 24647 304290 89 137.055557251 136.927780151
53 62 1 6 24647 24639 320850 91 136.927780151 136.883331299
54 79 1 2 24639 24628 337050 89 136.883331299 136.822219849
64 76 2 0 24628 24622 350010 71 136.822219849 136.788894653
54 103 1 1 24622 24621 366030 88 136.788894653 136.783340454
49 80 1 1 24621 24619 385110 105 136.783340454 136.772216797
48 117 1 2 24619 24609 404730 108 136.772216797 136.716659546
52 140 0 1 24609 24603 421650 93 136.716659546 136.683334351
106 137 2 0 24603 24602 427770 33 136.683334351 136.677780151
50 118 1 3 24602 24576 445770 99 136.677780151 136.533340454
106 132 2 0 24576 24573 451710 32 136.533340454 136.516662598
56 155 0 2 24573 24572 466830 83 136.516662598 136.511108398
49 96 1 0 24572 24567 486630 109 136.511108398 136.483337402
86 94 0 0 24567 24565 494910 45 136.483337402 136.472229004
82 155 2 0 24565 24563 504270 51 136.472229004 136.461105347
49 156 1 2 24563 24558 523530 106 136.461105347 136.433334351
104 139 0 2 24558 24556 529290 31 136.433334351 136.422225952
48 46 1 6 24556 24555 550530 117 136.422225952 136.416671753
64 47 1 5 24555 24537 562230 64 136.416671753 136.316665649
46 63 0 5 24537 24533 585090 126 136.316665649 136.294448853
43 113 1 0 24533 24528 612450 151 136.294448853 136.266662598
96 142 2 0 24528 24527 619290 37 136.266662598 136.261108398
47 101 1 1 24527 24524 641250 121 136.261108398 136.244445801
45 154 1 2 24524 24518 665010 131 136.244445801 136.211105347
80 156 2 0 24518 24516 674550 52 136.211105347 136.199996948
128 141 0 2 24516 24503 676170 8 136.199996948 136.127777100
44 102 1 0 24503 24494 702810 147 136.127777100 136.077774048
66 140 0 1 24494 24493 715050 67 136.077774048 136.072219849
38 149 1 2 24493 24489 747990 182 136.072219849 136.050003052
37 14 1 6 24489 24486 783810 198 136.050003052 136.033340454
37 95 1 1 24486 24468 819450 197 136.033340454 135.933334351
32 97 1 1 24468 24462 866970 263 135.933334351 135.899993896
26 57 0 5 24462 24459 926730 331 135.899993896 135.883331299
26 135 1 5 24459 24458 986670 332 135.883331299 135.877777100
32 101 0 0 24458 24457 1033290 258 135.877777100 135.872222900
42 110 2 0 24457 24455 1060110 148 135.872222900 135.861114502
