SetMedian AvgDist: 101.81852 TotalDist: 18157
A 333334444455455545555555555555555545556765556555655655677770111111211112107777077677776565665556656556567677701111211221212121121111212211121121121111221223222222
Mean AvgDist: 94.44444 TotalDist: 601411
A 333334445454555555555555555554555556565565555555555566777700111112111111100777777777777666655665655656677770111111121212122112121221212122212212122122222222
Time taken by program is : 57.81970sec
182 114 2 0 27491 27329 19235 2 101.818519592 101.218521118
150 78 1 7 27329 27177 20312 3 101.218521118 100.655555725
148 87 2 0 27177 27014 21389 3 100.655555725 100.051849365
146 115 2 0 27014 26902 22466 3 100.051849365 99.637039185
136 39 2 0 26902 26798 23543 3 99.637039185 99.251853943
128 65 0 1 26798 26754 25158 5 99.251853943 99.088890076
119 81 1 7 26754 26670 26773 5 99.088890076 98.777778625
118 152 2 0 26670 26543 28658 6 98.777778625 98.307411194
118 145 1 2 26543 26440 30543 6 98.307411194 97.925926208
106 91 2 0 26440 26348 32967 8 97.925926208 97.585182190
102 142 1 2 26348 26285 34852 6 97.585182190 97.351852417
100 137 1 2 26285 26238 37007 7 97.351852417 97.177780151
99 8 1 5 26238 26200 39431 8 97.177780151 97.037040710
96 71 2 0 26200 26192 42123 9 97.037040710 97.007408142
138 66 0 1 26192 26149 43199 3 97.007408142 96.848144531
98 16 1 5 26149 26098 45621 8 96.848144531 96.659255981
93 47 1 5 26098 26051 48312 9 96.659255981 96.485183716
96 8 2 0 26051 26045 50734 8 96.485183716 96.462959290
93 102 1 7 26045 26044 53425 9 96.462959290 96.459259033
102 101 1 6 26044 25974 55847 8 96.459259033 96.199996948
94 125 1 2 25974 25927 58538 9 96.199996948 96.025924683
92 107 2 0 25927 25923 61499 10 96.025924683 96.011108398
96 112 2 0 25923 25917 63921 8 96.011108398 95.988891602
91 130 1 2 25917 25871 66881 10 95.988891602 95.818519592
92 113 0 1 25871 25869 69572 9 95.818519592 95.811111450
90 33 2 0 25869 25822 72534 10 95.811111450 95.637039185
92 41 1 5 25822 25820 75497 10 95.637039185 95.629631042
88 86 2 0 25820 25780 78730 11 95.629631042 95.481483459
84 65 1 1 25780 25763 83041 15 95.481483459 95.418518066
83 118 1 2 25763 25750 87083 14 95.418518066 95.370368958
83 70 1 0 25750 25717 91393 15 95.370368958 95.248146057
84 50 1 6 25717 25662 96509 18 95.248146057 95.044441223
85 48 1 5 25662 25653 101625 18 95.044441223 95.011108398
82 37 1 5 25653 25649 107819 22 95.011108398 94.996299744
78 8 1 5 25649 25648 115363 27 94.996299744 94.992591858
76 135 1 2 25648 25632 123717 30 94.992591858 94.933334351
65 34 1 6 25632 25620 138546 54 94.933334351 94.888885498
64 63 0 2 25620 25600 155258 61 94.888885498 94.814811707
64 39 0 6 25600 25570 171708 60 94.814811707 94.703704834
71 29 1 4 25570 25545 182227 38 94.703704834 94.611114502
57 9 1 4 25545 25544 207039 91 94.611114502 94.607406616
44 58 1 0 25544 25521 259641 194 94.607406616 94.522224426
44 34 0 5 25521 25500 313320 198 94.522224426 94.444442749
