SetMedian AvgDist: 174.96297 TotalDist: 18157
E 3333333334445567677777777776777767765554655555433343233333434454667677777707777777766555565543333433333333333433343445556777777707777777777777777776777700111211211211121211211111212112111101111111233333333332333
Mean AvgDist: 161.87407 TotalDist: 1973991
E 33333333333444556676777777777777777776777665565555433333333333333333445566677677777777777777776656555554333333333333333323333334455566767777777777777777777777777777770011111111121112111112121112111121111211222323323332333
Time taken by program is : 358.51070sec
2604 0 0 3 47240 47122 18697 0 174.962966919 174.525924683
974 48 0 3 47122 47098 19237 1 174.525924683 174.437042236
528 68 0 7 47098 47028 20317 3 174.437042236 174.177780151
468 16 0 7 47028 47022 21397 3 174.177780151 174.155548096
460 70 0 7 47022 46983 22477 3 174.155548096 174.011108398
310 56 0 3 46983 46843 25177 9 174.011108398 173.492599487
278 72 0 7 46843 46823 28416 11 173.492599487 173.418518066
260 57 0 3 46823 46731 31385 10 173.418518066 173.077774048
250 74 0 7 46731 46726 34623 11 173.077774048 173.059265137
248 58 0 3 46726 46675 37861 11 173.059265137 172.870376587
218 30 0 7 46675 46615 41099 11 172.870376587 172.648147583
224 31 0 7 46615 46572 44337 11 172.648147583 172.488891602
198 210 2 0 46572 46526 47574 11 172.488891602 172.318511963
184 32 0 7 46526 46519 51891 15 172.318511963 172.292587280
182 211 2 0 46519 46499 55938 14 172.292587280 172.218521118
176 211 2 0 46499 46485 60525 16 172.218521118 172.166671753
162 88 1 7 46485 46313 66192 20 172.166671753 171.529632568
160 57 1 3 46313 46154 71859 20 171.529632568 170.940734863
160 75 2 0 46154 46146 77526 20 170.940734863 170.911117554
152 52 2 0 46146 46061 84002 23 170.911117554 170.596298218
250 61 0 3 46061 46020 86971 10 170.596298218 170.444442749
166 45 2 0 46020 45808 92099 18 170.444442749 169.659255981
154 42 2 0 45808 45771 98576 23 169.659255981 169.522216797
151 139 1 7 45771 45611 105323 24 169.522216797 168.929626465
154 158 0 7 45611 45567 111800 23 168.929626465 168.766662598
142 159 2 0 45567 45510 118548 24 168.766662598 168.555557251
143 120 1 3 45510 45366 125565 25 168.555557251 168.022216797
146 124 0 3 45366 45317 132582 25 168.022216797 167.840744019
147 108 1 3 45317 45216 139060 23 167.840744019 167.466659546
134 200 2 0 45216 45021 147428 30 167.466659546 166.744445801
134 71 1 5 45021 44864 155795 30 166.744445801 166.162963867
252 60 0 3 44864 44859 159303 12 166.162963867 166.144439697
150 42 2 0 44859 44850 165780 23 166.144439697 166.111114502
174 33 0 7 44850 44842 170637 17 166.111114502 166.081481934
136 16 2 0 44842 44737 179002 30 166.081481934 165.692596436
122 60 2 0 44737 44700 189797 39 165.692596436 165.555557251
144 70 0 6 44700 44699 196276 23 165.555557251 165.551849365
156 73 2 0 44699 44680 201944 20 165.551849365 165.481475830
119 168 1 1 44680 44527 212739 39 165.481475830 164.914810181
130 205 0 2 44527 44482 221374 31 164.914810181 164.748153687
110 206 1 3 44482 44441 234058 46 164.748153687 164.596298218
168 206 2 0 44441 44434 238916 17 164.596298218 164.570373535
108 95 0 6 44434 44422 251870 47 164.570373535 164.525924683
104 133 0 6 44422 44320 265094 48 164.525924683 164.148147583
106 96 2 0 44320 44307 278588 49 164.148147583 164.100006104
110 93 0 7 44307 44297 290732 44 164.100006104 164.062957764
160 73 2 0 44297 44287 296669 21 164.062957764 164.025924683
124 76 0 7 44287 44281 306383 35 164.025924683 164.003707886
134 73 2 0 44281 44271 315557 33 164.003707886 163.966659546
106 124 1 3 44271 44217 329861 52 163.966659546 163.766662598
98 33 1 7 44217 44179 346322 60 163.766662598 163.625930786
92 65 2 0 44179 44171 364944 68 163.625930786 163.596298218
112 43 0 5 44171 44169 378168 48 163.596298218 163.588882446
124 17 2 0 44169 44159 388423 37 163.588882446 163.551849365
190 37 0 7 44159 44157 393012 16 163.551849365 163.544448853
92 93 0 7 44157 44152 411093 66 163.544448853 163.525924683
89 173 1 1 44152 44117 431064 73 163.525924683 163.396301270
86 206 0 2 44117 44105 451574 75 163.396301270 163.351852417
162 210 2 0 44105 44104 457242 20 163.351852417 163.348144531
350 209 0 3 44104 44094 459132 6 163.348144531 163.311111450
150 211 2 0 44094 44093 466689 27 163.311111450 163.307403564
294 210 0 3 44093 44080 468849 7 163.307403564 163.259262085
142 212 2 0 44080 44070 477216 30 163.259262085 163.222229004
89 207 1 2 44070 44011 497186 73 163.222229004 163.003707886
86 70 2 0 44011 43966 517696 75 163.003707886 162.837036133
130 93 0 7 43966 43960 527683 36 162.837036133 162.814819336
146 73 2 0 43960 43946 534970 26 162.814819336 162.762969971
82 67 0 3 43946 43921 556830 80 162.762969971 162.670364380
144 42 2 0 43921 43920 565195 30 162.670364380 162.666671753
80 203 1 2 43920 43884 587863 83 162.666671753 162.533340454
274 207 0 3 43884 43881 590831 10 162.533340454 162.522216797
136 212 2 0 43881 43873 601087 37 162.522216797 162.492599487
72 130 1 6 43873 43871 628071 99 162.492599487 162.485183716
71 181 1 1 43871 43864 656134 103 162.485183716 162.459259033
66 200 1 2 43864 43857 688785 120 162.459259033 162.433334351
77 192 1 1 43857 43846 713341 90 162.433334351 162.392593384
66 186 1 2 43846 43844 745182 117 162.392593384 162.385177612
64 99 1 5 43844 43831 780531 130 162.385177612 162.337036133
112 95 0 5 43831 43828 794297 50 162.337036133 162.325927734
204 133 0 7 43828 43827 798344 14 162.325927734 162.322219849
146 135 2 0 43827 43811 806439 29 162.322219849 162.262969971
106 97 2 0 43811 43799 822900 60 162.262969971 162.218521118
55 204 1 2 43799 43795 869046 170 162.218521118 162.203704834
70 206 1 3 43795 43790 898997 110 162.203704834 162.185180664
96 184 0 1 43790 43789 917616 68 162.185180664 162.181488037
162 207 2 0 43789 43779 924093 23 162.181488037 162.144439697
122 93 0 7 43779 43778 935698 42 162.144439697 162.140747070
53 40 1 6 43778 43767 988055 193 162.140747070 162.100006104
68 38 1 7 43767 43751 1020164 118 162.100006104 162.040740967
154 75 2 0 43751 43750 1026910 24 162.040740967 162.037033081
52 77 0 6 43750 43745 1080614 198 162.037033081 162.018524170
144 73 2 0 43745 43740 1088170 27 162.018524170 162.000000000
44 19 0 6 43740 43730 1157260 255 162.000000000 161.962966919
69 44 1 5 43730 43729 1188829 116 161.962966919 161.959259033
51 37 1 6 43729 43719 1244423 205 161.959259033 161.922225952
45 45 1 6 43719 43716 1313782 256 161.922225952 161.911117554
26 131 0 5 43716 43707 1452768 514 161.911117554 161.877777100
36 120 1 2 43707 43706 1548582 354 161.877777100 161.874069214
