SetMedian AvgDist: 143.56667 TotalDist: 18157
F 3333333434655666677677770777777777777676555555543323332323343333345546676777777776777777766555565566565556656777700112111111112112211111122121111121121123223333323333333332333
Mean AvgDist: 132.07408 TotalDist: 1792274
F 333333333343445556676777777777777777777777766555655555433333333333333333334445566776777777776777777777776655556555556555666777700111111111121111121121111112111111112111121223332332332332333
Time taken by program is : 239.46726sec
2626 0 0 3 38763 38529 18697 0 143.566665649 142.699996948
2290 0 0 3 38529 38473 18967 0 142.699996948 142.492599487
486 43 0 5 38473 38419 19777 2 142.492599487 142.292587280
462 75 0 7 38419 38330 20587 2 142.292587280 141.962966919
408 55 0 3 38330 38174 21667 3 141.962966919 141.385177612
372 56 0 3 38174 38078 23017 4 141.385177612 141.029632568
334 78 0 7 38078 38011 24637 5 141.029632568 140.781478882
310 57 0 3 38011 37939 26257 5 140.781478882 140.514816284
282 58 0 3 37939 37899 27877 5 140.514816284 140.366668701
232 81 0 7 37899 37840 29765 6 140.366668701 140.148147583
210 126 0 1 37840 37831 31653 6 140.148147583 140.114822388
198 82 0 7 37831 37829 33810 7 140.114822388 140.107406616
194 0 2 0 37829 37815 35967 7 140.107406616 140.055557251
194 166 2 0 37815 37711 38124 7 140.055557251 139.670364380
178 168 2 0 37711 37658 41360 11 139.670364380 139.474075317
180 168 2 0 37658 37630 44866 12 139.474075317 139.370376587
154 18 0 7 37630 37615 49993 18 139.370376587 139.314819336
147 68 1 3 37615 37510 55120 18 139.314819336 138.925918579
166 63 2 0 37510 37421 59438 15 138.925918579 138.596298218
164 64 0 3 37421 37406 63756 15 138.596298218 138.540740967
147 28 1 7 37406 37250 68883 18 138.540740967 137.962966919
142 59 2 0 37250 37198 74820 21 137.962966919 137.770370483
130 127 1 1 37198 37071 81836 25 137.770370483 137.300003052
138 172 2 0 37071 37065 88043 22 137.300003052 137.277770996
114 111 1 5 37065 36974 97486 34 137.277770996 136.940734863
113 76 1 5 36974 36823 107199 35 136.940734863 136.381484985
210 64 0 3 36823 36822 110707 12 136.381484985 136.377777100
114 43 2 0 36822 36817 119882 33 136.377777100 136.359252930
111 19 1 7 36817 36727 129865 36 136.359252930 136.025924683
120 11 0 4 36727 36722 138500 31 136.025924683 136.007400513
110 65 2 0 36722 36702 148753 37 136.007400513 135.933334351
107 151 1 1 36702 36632 159006 37 135.933334351 135.674072266
128 172 2 0 36632 36628 167101 29 135.674072266 135.659255981
240 167 0 3 36628 36626 169530 8 135.659255981 135.651855469
106 84 1 7 36626 36552 179784 37 135.651855469 135.377777100
104 12 2 0 36552 36517 190038 37 135.377777100 135.248153687
514 10 0 3 36517 36511 190847 2 135.248153687 135.225921631
101 130 1 1 36511 36417 201371 38 135.225921631 134.877777100
114 142 0 1 36417 36349 210005 31 134.877777100 134.625930786
168 168 2 0 36349 36347 214322 15 134.625930786 134.618515015
101 14 1 5 36347 36248 224844 38 134.618515015 134.251846313
102 24 1 7 36248 36218 235366 38 134.251846313 134.140747070
196 0 2 0 36218 36217 238874 12 134.140747070 134.137039185
100 142 0 1 36217 36163 249127 37 134.137039185 133.937042236
100 118 2 0 36163 36087 259651 38 133.937042236 133.655548096
94 11 0 3 36087 36068 272064 45 133.655548096 133.585189819
92 163 1 1 36068 36031 284745 46 133.585189819 133.448150635
90 42 0 7 36031 36027 297697 47 133.448150635 133.433334351
88 111 1 5 36027 36010 311189 49 133.433334351 133.370376587
83 155 1 1 36010 35994 326031 54 133.370376587 133.311111450
88 144 2 0 35994 35987 339793 50 133.311111450 133.285186768
218 172 0 3 35987 35981 342761 10 133.285186768 133.262969971
80 73 0 4 35981 35946 359763 62 133.262969971 133.133331299
86 74 2 0 35946 35934 372986 48 133.133331299 133.088882446
86 73 0 3 35934 35929 386478 49 133.088882446 133.070373535
130 80 2 0 35929 35928 393764 26 133.070373535 133.066665649
224 94 0 7 35928 35897 396732 10 133.066665649 132.951858521
81 78 1 6 35897 35864 412384 57 132.951858521 132.829635620
80 166 0 2 35864 35840 428035 57 132.829635620 132.740737915
132 176 2 0 35840 35836 435320 26 132.740737915 132.725921631
78 48 0 6 35836 35813 453128 65 132.725921631 132.640747070
140 48 0 5 35813 35803 459603 23 132.640747070 132.603698730
118 19 2 0 35803 35790 467967 30 132.603698730 132.555557251
60 178 0 2 35790 35785 499537 116 132.555557251 132.537033081
136 179 2 0 35785 35783 506283 24 132.537033081 132.529632568
300 176 0 3 35783 35778 507632 4 132.529632568 132.511108398
144 179 0 3 35778 35775 513568 21 132.511108398 132.500000000
186 172 2 0 35775 35760 517344 13 132.500000000 132.444442749
59 43 1 6 35760 35756 549726 119 132.444442749 132.429626465
56 137 1 2 35756 35750 586426 135 132.429626465 132.407409668
77 141 1 1 35750 35744 606933 75 132.407409668 132.385177612
65 143 1 2 35744 35742 633376 97 132.385177612 132.377777100
51 74 1 4 35742 35739 677899 164 132.377777100 132.366668701
46 143 0 1 35739 35736 730518 194 132.366668701 132.355560303
182 173 2 0 35736 35729 734025 12 132.355560303 132.329635620
82 96 1 7 35729 35727 751295 63 132.329635620 132.322219849
160 81 2 0 35727 35717 756421 18 132.322219849 132.285186768
94 103 0 7 35717 35704 770182 50 132.285186768 132.237030029
71 137 1 1 35704 35695 791502 78 132.237030029 132.203704834
66 43 1 7 35695 35694 815247 87 132.203704834 132.199996948
57 138 1 2 35694 35686 850326 129 132.199996948 132.170364380
30 93 1 6 35686 35684 956350 392 132.170364380 132.162963867
12 128 0 0 35684 35677 1148345 711 132.162963867 132.137039185
122 84 2 0 35677 35675 1157249 32 132.137039185 132.129623413
104 103 0 7 35675 35674 1169391 44 132.129623413 132.125930786
75 173 1 3 35674 35672 1188818 71 132.125930786 132.118515015
174 173 2 0 35672 35670 1192596 13 132.118515015 132.111114502
59 43 1 6 35670 35669 1227136 127 132.111114502 132.107406616
45 42 1 7 35669 35668 1286227 218 132.107406616 132.103698730
24 182 0 2 35668 35660 1412750 468 132.103698730 132.074081421
