SetMedian AvgDist: 107.44815 TotalDist: 18157
I 33334455655556555655556555656555555655555656555556677770111111122111112111111112121211112112111121111
Mean AvgDist: 105.21852 TotalDist: 922100
I 333344555555565555655555655565565555555556565565667777770111111211212111211121121111211112111111111122
Time taken by program is : 45.54794sec
590 50 0 7 29011 28938 18966 1 107.448150635 107.177780151
150 8 2 0 28938 28860 26239 26 107.177780151 106.888885498
128 100 0 2 28860 28815 35398 33 106.888885498 106.722221375
126 63 2 0 28815 28804 44286 32 106.722221375 106.681480408
99 80 1 1 28804 28737 59357 55 106.681480408 106.433334351
95 50 1 7 28737 28717 74157 54 106.433334351 106.359260559
94 12 0 5 28717 28704 89765 57 106.359260559 106.311111450
116 57 2 0 28704 28701 100526 39 106.311111450 106.300003052
89 47 1 6 28701 28636 116399 58 106.300003052 106.059257507
86 28 1 5 28636 28625 132272 58 106.059257507 106.018516541
82 100 1 2 28625 28584 148682 60 106.018516541 105.866668701
78 75 1 2 28584 28574 167247 68 105.866668701 105.829627991
90 75 0 1 28574 28565 182850 57 105.829627991 105.796295166
86 64 2 0 28565 28557 199528 61 105.796295166 105.766670227
77 78 1 1 28557 28552 220786 78 105.766670227 105.748146057
74 90 1 1 28552 28539 242317 79 105.748146057 105.699996948
72 48 1 6 28539 28505 264925 83 105.699996948 105.574073792
80 17 0 5 28505 28502 283495 68 105.574073792 105.562965393
80 28 2 0 28502 28484 302064 68 105.562965393 105.496299744
76 45 1 6 28484 28480 322246 74 105.496299744 105.481483459
120 13 0 5 28480 28477 333277 40 105.481483459 105.470367432
78 44 2 0 28477 28467 353183 73 105.470367432 105.433334351
92 42 0 5 28467 28465 369059 58 105.433334351 105.425926208
126 6 2 0 28465 28459 379553 38 105.425926208 105.403701782
76 23 0 5 28459 28449 400276 76 105.403701782 105.366668701
74 48 2 0 28449 28447 421001 76 105.366668701 105.359260559
63 78 1 2 28447 28439 451428 112 105.359260559 105.329627991
56 31 1 6 28439 28438 489677 141 105.329627991 105.325927734
66 36 1 5 28438 28435 517946 104 105.325927734 105.314811707
75 41 1 6 28435 28431 538666 76 105.314811707 105.300003052
62 82 0 1 28431 28430 569901 115 105.300003052 105.296295166
78 96 2 0 28430 28425 587658 65 105.296295166 105.277778625
55 66 1 2 28425 28413 623490 132 105.277778625 105.233329773
26 72 0 2 28413 28409 708959 316 105.233329773 105.218521118
