SetMedian AvgDist: 182.47408 TotalDist: 18157
K 33345555455555555555543332322333222322322322222234455555656666666766766767667765543445444444444445455567677770000000000000070707655555565565556555667777011111121211121111111112111112111112111111111111111112
Mean AvgDist: 170.35556 TotalDist: 2235663
K 33344555555565565554323232232223222222333455656666667666766766766655444444444544454444454555667777700100001000000000000707766556555565555656677770111111111211211112111111211111211112121121112212112112
Time taken by program is : 346.62959sec
348 109 0 1 49268 49246 18697 0 182.474075317 182.392593384
260 29 2 0 49246 49021 19505 2 182.392593384 181.559265137
230 29 2 0 49021 48841 20581 3 181.559265137 180.892593384
218 27 2 0 48841 48704 21657 3 180.892593384 180.385177612
222 22 2 0 48704 48599 22733 3 180.385177612 179.996292114
208 107 0 1 48599 48498 24078 4 179.996292114 179.622222900
208 22 2 0 48498 48408 25154 3 179.622222900 179.288894653
202 23 2 0 48408 48344 26499 4 179.288894653 179.051849365
202 26 2 0 48344 48296 27844 4 179.051849365 178.874069214
198 22 2 0 48296 48269 29459 5 178.874069214 178.774078369
192 28 2 0 48269 48257 31343 6 178.774078369 178.729629517
190 187 0 2 48257 48218 34038 9 178.729629517 178.585189819
182 4 2 0 48218 48133 38353 15 178.585189819 178.270370483
200 4 2 0 48133 48037 40509 7 178.270370483 177.914810181
198 36 0 3 48037 48033 42664 7 177.914810181 177.899993896
182 4 2 0 48033 47982 46707 14 177.899993896 177.711105347
168 36 2 0 47982 47979 53180 23 177.711105347 177.699996948
318 29 0 2 47979 47966 54528 4 177.699996948 177.651855469
168 189 0 2 47966 47932 61541 25 177.651855469 177.525924683
166 101 0 1 47932 47888 68823 26 177.525924683 177.362960815
156 151 2 0 47888 47819 77450 31 177.362960815 177.107406616
152 77 0 3 47819 47811 85809 30 177.107406616 177.077774048
150 4 2 0 47811 47775 95248 34 177.077774048 176.944442749
154 25 2 0 47775 47774 103879 31 176.944442749 176.940734863
172 19 0 3 47774 47754 110082 22 176.940734863 176.866668701
136 121 2 0 47754 47666 121138 40 176.866668701 176.540740967
132 37 2 0 47666 47602 132733 42 176.540740967 176.303710938
132 24 0 2 47602 47600 144598 43 176.303710938 176.296295166
126 121 2 0 47600 47552 157812 48 176.296295166 176.118515015
123 93 1 7 47552 47490 172104 52 176.118515015 175.888885498
122 121 2 0 47490 47471 186397 52 175.888885498 175.818511963
166 181 0 2 47471 47469 193950 27 175.818511963 175.811111450
118 142 2 0 47469 47451 209047 55 175.811111450 175.744445801
130 148 2 0 47451 47424 222800 50 175.744445801 175.644439697
160 188 0 2 47424 47390 231698 32 175.644439697 175.518524170
124 142 2 0 47390 47384 246261 53 175.518524170 175.496292114
144 183 0 2 47384 47381 258666 45 175.496292114 175.485183716
110 142 2 0 47381 47379 275119 60 175.485183716 175.477783203
114 192 0 2 47379 47335 290495 56 175.477783203 175.314819336
109 98 1 0 47335 47199 306943 60 175.314819336 174.811111450
107 43 1 6 47199 47123 323660 61 174.811111450 174.529632568
112 64 2 0 47123 47000 339569 58 174.529632568 174.074081421
106 152 0 2 47000 46981 357097 64 174.074081421 174.003707886
104 102 0 1 46981 46955 375435 67 174.003707886 173.907409668
108 149 2 0 46955 46954 391613 59 173.907409668 173.903701782
122 142 2 0 46954 46946 406442 54 173.903701782 173.874069214
108 121 0 6 46946 46918 422352 58 173.874069214 173.770370483
104 155 0 2 46918 46897 439882 64 173.770370483 173.692596436
106 122 2 0 46897 46883 456871 62 173.692596436 173.640747070
98 11 0 6 46883 46828 477096 74 173.640747070 173.437042236
158 31 2 0 46828 46824 486534 34 173.437042236 173.422225952
144 21 0 3 46824 46823 497591 40 173.422225952 173.418518066
132 11 0 5 46823 46815 510265 46 173.418518066 173.388885498
198 20 2 0 46815 46810 513767 12 173.388885498 173.370376587
132 25 0 3 46810 46800 526981 48 173.370376587 173.333328247
194 20 2 0 46800 46792 530483 12 173.333328247 173.303710938
102 30 0 3 46792 46788 548820 67 173.303710938 173.288894653
93 71 1 4 46788 46686 569047 74 173.288894653 172.911117554
90 77 0 5 46686 46663 589544 75 172.911117554 172.825927734
91 77 1 4 46663 46616 610311 76 172.825927734 172.651855469
96 78 1 5 46616 46578 630268 73 172.651855469 172.511108398
88 74 1 4 46578 46552 651845 79 172.511108398 172.414810181
89 103 1 0 46552 46494 673422 79 172.414810181 172.199996948
88 187 2 0 46494 46493 696348 84 172.199996948 172.196289062
162 192 0 2 46493 46464 705783 34 172.196289062 172.088882446
88 55 2 0 46464 46438 728973 85 172.088882446 171.992599487
91 44 1 6 46438 46420 751623 83 171.992599487 171.925918579
88 44 2 0 46420 46363 774813 85 171.925918579 171.714813232
86 78 0 3 46363 46360 798811 88 171.714813232 171.703704834
85 78 1 4 46360 46320 823615 91 171.703704834 171.555557251
84 189 1 2 46320 46301 849231 94 171.555557251 171.485183716
82 107 0 1 46301 46282 875117 95 171.485183716 171.414810181
92 104 2 0 46282 46271 897225 81 171.414810181 171.374069214
78 120 0 7 46271 46264 924459 100 171.374069214 171.348144531
72 117 1 0 46264 46245 957358 121 171.348144531 171.277770996
70 81 1 5 46245 46243 994302 136 171.277770996 171.270370483
72 44 2 0 46243 46234 1028550 126 171.270370483 171.237030029
83 43 1 6 46234 46228 1054436 95 171.237030029 171.214813232
68 174 2 0 46228 46219 1093543 144 171.214813232 171.181488037
74 167 0 1 46219 46204 1124287 113 171.181488037 171.125930786
66 137 0 5 46204 46203 1165285 151 171.125930786 171.122222900
116 124 2 0 46203 46202 1182267 62 171.122222900 171.118515015
70 136 0 6 46202 46182 1217599 130 171.118515015 171.044448853
65 15 1 6 46182 46168 1261026 160 171.044448853 170.992599487
60 122 1 7 46168 46166 1315521 201 170.992599487 170.985183716
94 118 2 0 46166 46146 1338170 83 170.985183716 170.911117554
90 135 0 5 46146 46135 1361360 85 170.911117554 170.870376587
116 123 2 0 46135 46131 1377804 60 170.870376587 170.855560303
70 130 0 5 46131 46126 1414216 134 170.855560303 170.837036133
59 92 1 6 46126 46102 1470330 207 170.837036133 170.748153687
57 37 1 3 46102 46074 1529954 220 170.748153687 170.644439697
244 30 0 2 46074 46069 1531568 5 170.644439697 170.625930786
54 64 1 6 46069 46060 1601447 258 170.625930786 170.592590332
100 63 0 7 46060 46058 1621937 75 170.592590332 170.585189819
82 61 2 0 46058 46034 1648361 97 170.585189819 170.496292114
73 76 1 4 46034 46026 1681800 123 170.496292114 170.466659546
75 77 1 5 46026 46019 1713081 115 170.466659546 170.440734863
72 44 2 0 46019 46016 1746250 122 170.440734863 170.429626465
96 55 0 6 46016 46007 1768089 80 170.429626465 170.396301270
57 52 1 7 46007 45996 1827712 220 170.396301270 170.355560303
