SetMedian AvgDist: 172.13704 TotalDist: 18157
N 33344555666555655555655555656556566555666566777700010111101110110111111106555565555565655556566555677770111121211111212121111111112112111211123333445455454554555455455555454321122212111112121112111111221
Mean AvgDist: 165.85185 TotalDist: 2319090
N 333344555555655555655565555556555565555655656667777001101111110111111111107655655655565565656565565666777701111111111211211121121121111112112233344455554555555555455555543212112112121211121211121121112112
Time taken by program is : 365.55066sec
346 0 0 3 46477 46446 18697 0 172.137039185 172.022216797
186 110 2 0 46446 46334 20312 5 172.022216797 171.607406616
160 111 2 0 46334 46281 22735 8 171.607406616 171.411117554
160 177 0 1 46281 46199 25158 8 171.411117554 171.107406616
192 178 0 1 46199 46138 26504 4 171.107406616 170.881484985
202 179 0 1 46138 46135 27581 3 170.881484985 170.870376587
156 10 0 5 46135 46088 30005 8 170.870376587 170.696289062
164 11 0 5 46088 46080 32160 7 170.696289062 170.666671753
164 0 2 0 46080 45950 34315 7 170.666671753 170.185180664
148 11 2 0 45950 45888 37277 10 170.185180664 169.955551147
132 118 2 0 45888 45835 41046 13 169.955551147 169.759262085
126 11 2 0 45835 45829 46703 20 169.759262085 169.737030029
124 21 0 5 45829 45793 52631 21 169.737030029 169.603698730
120 22 0 5 45793 45778 59096 23 169.603698730 169.548141479
134 11 2 0 45778 45776 63135 14 169.548141479 169.540740967
114 147 2 0 45776 45709 70409 26 169.540740967 169.292587280
112 30 2 0 45709 45697 77954 27 169.292587280 169.248153687
132 22 0 5 45697 45684 82534 16 169.248153687 169.199996948
118 33 2 0 45684 45675 89269 24 169.199996948 169.166671753
148 23 0 5 45675 45666 92230 10 169.166671753 169.133331299
112 55 2 0 45666 45655 100585 30 169.133331299 169.092590332
110 96 2 0 45655 45647 110559 36 169.092590332 169.062957764
128 79 0 5 45647 45640 115675 18 169.062957764 169.037033081
106 97 2 0 45640 45633 126999 41 169.037033081 169.011108398
120 86 0 5 45633 45626 134003 25 169.011108398 168.985183716
102 147 2 0 45626 45613 146136 44 168.985183716 168.937042236
98 140 2 0 45613 45546 159887 50 168.937042236 168.688888550
106 176 0 1 45546 45520 171749 43 168.688888550 168.592590332
130 170 2 0 45520 45506 176061 15 168.592590332 168.540740967
106 147 0 5 45506 45504 187653 42 168.540740967 168.533340454
100 182 0 2 45504 45480 200594 47 168.533340454 168.444442749
104 146 2 0 45480 45478 212456 43 168.444442749 168.437042236
94 10 0 6 45478 45477 227825 56 168.437042236 168.433334351
120 36 2 0 45477 45462 234020 22 168.433334351 168.377777100
92 149 1 5 45462 45405 250469 60 168.377777100 168.166671753
88 82 0 6 45405 45377 267458 62 168.166671753 168.062957764
100 99 2 0 45377 45367 280130 46 168.062957764 168.025924683
122 82 0 5 45367 45361 287403 26 168.025924683 168.003707886
118 84 2 0 45361 45338 295487 29 168.003707886 167.918518066
108 92 0 6 45338 45319 305189 35 167.918518066 167.848144531
92 84 2 0 45319 45309 321098 58 167.848144531 167.811111450
136 83 0 5 45309 45307 325407 15 167.811111450 167.803710938
150 75 2 0 45307 45299 328100 9 167.803710938 167.774078369
102 75 0 6 45299 45249 339421 41 167.774078369 167.588882446
89 65 1 1 45249 45226 355329 58 167.588882446 167.503707886
88 93 2 0 45226 45222 371507 59 167.503707886 167.488891602
85 156 1 5 45222 45181 389306 65 167.488891602 167.337036133
84 58 1 1 45181 45172 408453 70 167.337036133 167.303710938
79 199 1 1 45172 45165 430300 80 167.303710938 167.277770996
92 201 1 2 45165 45146 446749 60 167.277770996 167.207412720
79 52 1 1 45146 45139 468326 79 167.207412720 167.181488037
130 52 2 0 45139 45138 473713 19 167.181488037 167.177780151
108 10 0 5 45138 45134 483684 36 167.177780151 167.162963867
106 41 2 0 45134 45116 493926 37 167.162963867 167.096298218
82 20 0 6 45116 45109 514691 76 167.096298218 167.070373535
78 198 1 2 45109 45095 537886 85 167.070373535 167.018524170
86 177 0 1 45095 45091 556497 68 167.018524170 167.003707886
130 170 2 0 45091 45078 561886 19 167.003707886 166.955551147
124 170 2 0 45078 45076 567542 20 166.955551147 166.948150635
128 174 0 1 45076 45057 572660 18 166.948150635 166.877777100
118 170 2 0 45057 45041 578856 22 166.877777100 166.818511963
106 176 0 1 45041 45030 588560 35 166.818511963 166.777770996
78 147 1 5 45030 45009 612022 86 166.777770996 166.699996948
80 138 1 2 45009 44981 634405 82 166.699996948 166.596298218
75 200 1 1 44981 44964 659757 93 166.596298218 166.533340454
70 182 2 0 44964 44963 689696 110 166.533340454 166.529632568
116 197 0 1 44963 44955 696970 26 166.529632568 166.500000000
68 125 1 2 44955 44940 728259 115 166.500000000 166.444442749
96 88 0 5 44940 44939 741202 47 166.444442749 166.440734863
71 87 1 6 44939 44909 769524 104 166.440734863 166.329635620
70 132 1 1 44909 44900 799196 109 166.329635620 166.296295166
66 195 1 2 44900 44882 832914 124 166.296295166 166.229629517
64 69 1 0 44882 44877 869872 136 166.229629517 166.211105347
62 123 1 2 44877 44874 909258 145 166.211105347 166.199996948
58 166 2 0 44874 44867 957551 178 166.199996948 166.174072266
112 160 0 5 44867 44863 965635 29 166.174072266 166.159255981
69 153 1 5 44863 44858 995576 110 166.159255981 166.140747070
53 151 1 4 44858 44856 1062756 248 166.140747070 166.133331299
52 78 1 6 44856 44848 1136956 274 166.133331299 166.103698730
30 34 2 0 44848 44844 1299643 602 166.103698730 166.088882446
124 11 0 5 44844 44839 1306378 24 166.088882446 166.070373535
104 38 2 0 44839 44835 1316083 35 166.070373535 166.055557251
100 53 0 1 44835 44831 1327136 40 166.055557251 166.040740967
100 55 2 0 44831 44827 1338189 40 166.040740967 166.025924683
86 54 0 1 44827 44824 1355719 64 166.025924683 166.014816284
64 80 0 5 44824 44823 1393489 139 166.014816284 166.011108398
62 38 1 6 44823 44822 1435846 156 166.011108398 166.007400513
57 42 1 5 44822 44819 1489806 199 166.007400513 165.996292114
65 43 1 6 44819 44817 1527035 137 165.996292114 165.988891602
122 52 2 0 44817 44814 1533498 23 165.988891602 165.977783203
76 17 0 5 44814 44807 1558042 90 165.977783203 165.951858521
75 69 1 1 44807 44804 1582315 89 165.951858521 165.940734863
58 74 1 7 44804 44792 1633574 189 165.940734863 165.896301270
32 30 2 0 44792 44791 1784667 559 165.896301270 165.892593384
50 38 0 5 44791 44780 1862375 287 165.892593384 165.851852417
