SetMedian AvgDist: 142.63704 TotalDist: 18157
R 33333333333433443444545545555556565665676676676765544444455445454454545556677777770011100011011000000065555655555555655677777701011101100011111111210111111111111211121121122222223232333
Mean AvgDist: 131.64444 TotalDist: 1342105
R 33333333334344445455555555565666666766766766655445444454445444544555566777777000100010001001000000077665656555565556566777700111111112111211112111112111112121112112212222222323233
Time taken by program is : 167.42144sec
282 0 2 0 38512 38302 19234 2 142.637039185 141.859252930
252 98 0 7 38302 38294 20311 3 141.859252930 141.829635620
238 0 2 0 38294 38151 21388 3 141.829635620 141.300003052
186 134 2 0 38151 37899 22466 3 141.300003052 140.366668701
184 0 2 0 37899 37838 23544 3 140.366668701 140.140747070
176 0 2 0 37838 37799 24623 3 140.140747070 139.996292114
166 100 2 0 37799 37749 25703 3 139.996292114 139.811111450
160 131 2 0 37749 37513 27323 5 139.811111450 138.937042236
154 98 0 7 37513 37404 29213 6 138.937042236 138.533340454
142 143 2 0 37404 37212 30833 5 138.533340454 137.822219849
140 125 1 1 37212 37083 32992 7 137.822219849 137.344451904
138 101 2 0 37083 37077 35421 8 137.344451904 137.322219849
132 128 2 0 37077 36898 38660 11 137.322219849 136.659255981
135 130 1 1 36898 36744 41359 9 136.659255981 136.088882446
129 33 1 6 36744 36656 44598 11 136.088882446 135.762969971
115 116 1 6 36656 36521 49456 17 135.762969971 135.262969971
118 115 0 5 36521 36518 54044 16 135.262969971 135.251846313
166 101 2 0 36518 36508 55124 3 135.251846313 135.214813232
124 103 0 6 36508 36490 58633 12 135.214813232 135.148147583
138 104 2 0 36490 36488 60792 7 135.148147583 135.140747070
192 103 0 5 36488 36470 61602 2 135.140747070 135.074081421
118 105 2 0 36470 36462 66461 17 135.074081421 135.044448853
100 59 1 3 36462 36444 73747 26 135.044448853 134.977783203
100 20 1 5 36444 36397 81303 27 134.977783203 134.803710938
98 59 2 0 36397 36394 88589 26 134.803710938 134.792587280
98 105 0 6 36394 36382 97495 32 134.792587280 134.748153687
134 100 2 0 36382 36378 99655 7 134.748153687 134.733337402
184 102 0 5 36378 36352 100735 3 134.733337402 134.637039185
118 79 2 0 36352 36351 104785 14 134.637039185 134.633331299
116 78 0 1 36351 36350 109914 18 134.633331299 134.629623413
99 75 1 0 36350 36279 117199 26 134.629623413 134.366668701
106 59 0 3 36279 36278 123407 22 134.366668701 134.362960815
102 81 2 0 36278 36276 130425 25 134.362960815 134.355560303
94 94 1 1 36276 36249 139599 33 134.355560303 134.255554199
92 7 2 0 36249 36216 149580 36 134.255554199 134.133331299
91 87 1 0 36216 36159 159831 37 134.133331299 133.922225952
87 120 1 0 36159 36135 170892 40 133.922225952 133.833328247
87 93 1 0 36135 36101 181685 39 133.833328247 133.707412720
162 97 0 7 36101 36100 184115 8 133.707412720 133.703704834
85 29 1 6 36100 36086 196528 45 133.703704834 133.651855469
94 58 2 0 36086 36083 205973 34 133.651855469 133.640747070
84 97 2 0 36083 36023 219196 48 133.640747070 133.418518066
138 93 0 7 36023 36014 222166 10 133.418518066 133.385177612
83 53 1 4 36014 35956 235660 49 133.385177612 133.170364380
86 47 0 5 35956 35913 246725 40 133.170364380 133.011108398
82 147 1 2 35913 35869 259949 48 133.011108398 132.848144531
78 76 1 0 35869 35827 276140 59 132.848144531 132.692596436
86 78 0 0 35827 35802 287744 42 132.692596436 132.600006104
92 85 2 0 35802 35784 295838 29 132.600006104 132.533340454
82 75 0 7 35784 35783 309060 48 132.533340454 132.529632568
118 80 2 0 35783 35780 313378 15 132.529632568 132.518524170
106 78 0 1 35780 35777 319854 23 132.518524170 132.507400513
80 75 1 0 35777 35759 334966 55 132.507400513 132.440734863
82 95 2 0 35759 35738 348188 48 132.440734863 132.362960815
76 145 1 2 35738 35733 364109 58 132.362960815 132.344451904
126 174 2 0 35733 35732 368157 14 132.344451904 132.340744019
79 161 1 2 35732 35726 383538 56 132.340744019 132.318511963
72 63 1 4 35726 35725 402158 68 132.318511963 132.314819336
86 64 1 5 35725 35723 414302 44 132.314819336 132.307403564
70 113 1 6 35723 35719 436432 81 132.307403564 132.292587280
83 122 1 1 35719 35717 449113 46 132.292587280 132.285186768
128 113 0 5 35717 35712 452891 13 132.285186768 132.266662598
128 101 2 0 35712 35705 456938 14 132.266662598 132.240737915
68 137 1 2 35705 35702 478529 79 132.240737915 132.229629517
116 113 0 5 35702 35699 483117 16 132.229629517 132.218521118
120 105 2 0 35699 35687 486894 13 132.218521118 132.174072266
71 145 1 1 35687 35684 506326 71 132.174072266 132.162963867
66 42 1 6 35684 35665 530078 87 132.162963867 132.092590332
65 9 1 3 35665 35655 554909 91 132.092590332 132.055557251
65 150 1 2 35655 35651 580280 93 132.055557251 132.040740967
62 132 1 2 35651 35647 611590 115 132.040740967 132.025924683
75 137 1 1 35647 35644 627784 59 132.025924683 132.014816284
92 135 0 2 35644 35637 636691 32 132.014816284 131.988891602
64 75 0 7 35637 35634 662871 96 131.988891602 131.977783203
78 46 2 0 35634 35633 676902 51 131.977783203 131.974075317
88 48 0 5 35633 35619 686345 34 131.974075317 131.922225952
80 46 1 4 35619 35614 699297 47 131.922225952 131.903701782
64 152 1 1 35614 35612 726825 101 131.903701782 131.896301270
81 147 1 2 35612 35606 740316 49 131.896301270 131.874069214
69 149 1 1 35606 35604 760016 72 131.874069214 131.866668701
76 153 1 2 35604 35582 773777 50 131.866668701 131.785186768
46 15 0 4 35582 35560 851239 286 131.785186768 131.703704834
38 124 1 0 35560 35559 953516 378 131.703704834 131.699996948
66 137 0 1 35559 35547 978073 90 131.699996948 131.655548096
116 125 2 0 35547 35544 982659 16 131.655548096 131.644439697
