SetMedian AvgDist: 174.25926 TotalDist: 18157
U 333346555556555555555555555555655555555544332322112112211211122111112111111111111123334345555555555555556556555655555565566556566667667777777770700001010111111111111121121111121111111112122
Mean AvgDist: 167.11482 TotalDist: 2851463
U 33344555555655556555655556565555655656556554322222211221121112111211111112112111222333445555555655556555655555555555556566666767767777700111111111121111211121111211111121111212
Time taken by program is : 358.59087sec
198 134 2 0 47050 46949 20587 7 174.259262085 173.885177612
196 134 2 0 46949 46852 22747 7 173.885177612 173.525924683
188 134 2 0 46852 46768 25177 8 173.525924683 173.214813232
180 134 2 0 46768 46698 28147 10 173.214813232 172.955551147
176 134 2 0 46698 46636 31655 12 172.955551147 172.725921631
172 134 2 0 46636 46606 35433 13 172.725921631 172.614822388
164 134 2 0 46606 46587 39752 15 172.614822388 172.544448853
162 48 2 0 46587 46539 44610 17 172.544448853 172.366668701
158 133 2 0 46539 46532 50007 19 172.366668701 172.340744019
156 5 2 0 46532 46403 56484 23 172.340744019 171.862960815
150 134 2 0 46403 46401 62421 21 171.862960815 171.855560303
440 131 0 7 46401 46394 62961 1 171.855560303 171.829635620
142 47 2 0 46394 46375 70246 26 171.829635620 171.759262085
136 39 1 6 46375 46348 78340 29 171.759262085 171.659255981
130 122 2 0 46348 46302 87245 32 171.659255981 171.488891602
418 130 0 7 46302 46301 87785 1 171.488891602 171.485183716
128 123 2 0 46301 46256 96960 33 171.485183716 171.318511963
124 118 2 0 46256 46197 105865 32 171.318511963 171.100006104
154 125 2 0 46197 46195 112073 22 171.100006104 171.092590332
120 130 2 0 46195 46136 121249 33 171.092590332 170.874069214
152 130 0 7 46136 46131 126647 19 170.874069214 170.855560303
152 131 0 7 46131 46129 132045 19 170.855560303 170.848144531
158 126 2 0 46129 46118 137443 19 170.848144531 170.807403564
114 122 2 0 46118 46096 148237 39 170.807403564 170.725921631
116 122 2 0 46096 46085 158763 38 170.725921631 170.685180664
468 125 0 7 46085 46084 159303 1 170.685180664 170.681488037
114 130 2 0 46084 46047 169828 38 170.681488037 170.544448853
134 130 0 7 46047 46043 178733 32 170.544448853 170.529632568
160 124 2 0 46043 46034 184401 20 170.529632568 170.496292114
128 130 0 7 46034 46028 193844 34 170.496292114 170.474075317
110 131 2 0 46028 46012 205985 44 170.474075317 170.414810181
150 131 0 7 46012 46004 212462 23 170.414810181 170.385177612
104 77 1 2 46004 45951 227570 55 170.385177612 170.188888550
100 86 2 0 45951 45928 242679 55 170.188888550 170.103698730
98 84 1 4 45928 45857 258058 56 170.103698730 169.840744019
97 169 1 1 45857 45836 273706 57 169.840744019 169.762969971
98 86 2 0 45836 45834 289083 56 169.762969971 169.755554199
96 170 0 1 45834 45832 304729 57 169.755554199 169.748153687
112 130 2 0 45832 45824 316872 44 169.748153687 169.718521118
95 3 1 4 45824 45773 334134 63 169.718521118 169.529632568
93 58 1 1 45773 45762 352746 68 169.529632568 169.488891602
86 32 1 6 45762 45712 374327 79 169.488891602 169.303710938
90 38 0 6 45712 45696 393481 70 169.303710938 169.244445801
114 40 2 0 45696 45693 404540 40 169.244445801 169.233337402
90 31 0 6 45693 45688 423153 68 169.233337402 169.214813232
86 25 1 6 45688 45623 443924 76 169.214813232 168.974075317
112 45 1 1 45623 45620 456063 44 168.974075317 168.962966919
87 37 1 6 45620 45616 477102 77 168.962966919 168.948150635
122 35 0 6 45616 45610 486813 35 168.948150635 168.925918579
86 10 1 5 45610 45601 507852 77 168.925918579 168.892593384
86 134 2 0 45601 45597 529700 80 168.892593384 168.877777100
204 121 0 6 45597 45593 532939 11 168.877777100 168.862960815
88 118 2 0 45593 45587 551821 69 168.862960815 168.840744019
164 131 0 0 45587 45586 556675 17 168.840744019 168.837036133
122 121 0 6 45586 45583 566924 37 168.837036133 168.825927734
120 133 2 0 45583 45567 577175 37 168.825927734 168.766662598
88 33 2 0 45567 45566 598484 78 168.766662598 168.762969971
86 12 0 6 45566 45548 621413 84 168.762969971 168.696289062
118 46 2 0 45548 45547 631932 38 168.696289062 168.692596436
104 44 0 2 45547 45515 645418 49 168.692596436 168.574081421
98 57 2 0 45515 45514 661870 60 168.574081421 168.570373535
84 114 2 0 45514 45503 686148 89 168.570373535 168.529632568
128 120 0 6 45503 45499 695590 34 168.529632568 168.514816284
230 123 0 7 45499 45496 698289 9 168.514816284 168.503707886
86 121 1 6 45496 45479 720683 82 168.503707886 168.440734863
332 126 0 7 45479 45478 721493 2 168.440734863 168.437042236
83 173 1 1 45478 45473 746584 92 168.437042236 168.418518066
93 172 1 2 45473 45459 762773 59 168.418518066 168.366668701
86 137 1 2 45459 45453 784358 79 168.366668701 168.344451904
87 137 1 1 45453 45427 805674 78 168.344451904 168.248153687
83 146 1 2 45427 45409 829956 89 168.248153687 168.181488037
81 81 1 2 45409 45403 856126 96 168.181488037 168.159255981
86 103 0 5 45403 45400 877709 79 168.159255981 168.148147583
96 87 2 0 45400 45388 893896 59 168.148147583 168.103698730
86 40 2 0 45388 45387 917099 85 168.103698730 168.100006104
112 37 0 6 45387 45377 930051 47 168.100006104 168.062957764
77 75 1 2 45377 45361 961080 114 168.062957764 168.003707886
76 167 1 2 45361 45352 993458 119 168.003707886 167.970367432
112 117 0 6 45352 45351 1004520 40 167.970367432 167.966659546
80 136 2 0 45351 45340 1030152 94 167.966659546 167.925918579
76 84 1 3 45340 45322 1059834 109 167.925918579 167.859252930
74 64 1 2 45322 45304 1091136 115 167.859252930 167.792587280
91 78 1 1 45304 45303 1111638 75 167.792587280 167.788894653
72 37 1 5 45303 45297 1147527 132 167.788894653 167.766662598
138 5 2 0 45297 45295 1155892 30 167.766662598 167.759262085
108 36 0 6 45295 45278 1170728 54 167.759262085 167.696289062
71 72 1 2 45278 45253 1207964 137 167.696289062 167.603698730
66 107 1 5 45253 45243 1251412 160 167.603698730 167.566665649
76 79 1 2 45243 45242 1283792 119 167.566665649 167.562957764
86 66 1 1 45242 45239 1305377 79 167.562957764 167.551849365
67 21 1 6 45239 45193 1347203 154 167.551849365 167.381484985
71 29 1 5 45193 45192 1384980 139 167.381484985 167.377777100
76 27 0 6 45192 45191 1416009 114 167.377777100 167.374069214
104 12 2 0 45191 45182 1431116 55 167.374069214 167.340744019
60 94 1 6 45182 45167 1485630 201 167.340744019 167.285186768
66 24 0 5 45167 45166 1530423 165 167.285186768 167.281478882
96 12 2 0 45166 45158 1547690 63 167.281478882 167.251846313
64 24 0 5 45158 45155 1594374 172 167.251846313 167.240737915
42 137 0 0 45155 45152 1697998 383 167.240737915 167.229629517
46 156 2 0 45152 45146 1788406 334 167.229629517 167.207412720
67 156 1 2 45146 45145 1832121 161 167.207412720 167.203704834
28 156 0 1 45145 45142 1980264 548 167.203704834 167.192596436
92 135 2 0 45142 45139 1997799 64 167.192596436 167.181488037
9 46 1 2 45139 45126 2253215 946 167.181488037 167.133331299
74 20 2 0 45126 45124 2284511 115 167.133331299 167.125930786
60 16 1 6 45124 45122 2339831 204 167.125930786 167.118515015
38 19 0 5 45122 45121 2453713 421 167.118515015 167.114822388
