SetMedian AvgDist: 125.80741 TotalDist: 18157
V 333345556565556556565555565656555555655665656655566766677770001111011011111111111111111001121123334445555555555555555555545542212112122112121121112112112111112111221
Mean AvgDist: 119.58148 TotalDist: 1361475
V 333344555556556565565665565665565656655666556566677770010111111111111111111111111111111112233344455545555555555555555555422121212121211212121121211121211212
Time taken by program is : 127.51051sec
216 8 2 0 33968 33808 19236 2 125.807411194 125.214813232
204 86 0 1 33808 33770 20045 2 125.214813232 125.074073792
172 127 2 0 33770 33673 21932 6 125.074073792 124.714813232
168 128 2 0 33673 33589 24086 7 124.714813232 124.403701782
160 9 2 0 33589 33478 26780 9 124.403701782 123.992591858
152 140 2 0 33478 33394 29474 9 123.992591858 123.681480408
146 132 2 0 33394 33344 32708 11 123.681480408 123.496299744
142 49 2 0 33344 33175 36482 13 123.496299744 122.870368958
146 85 0 1 33175 33162 39986 12 122.870368958 122.822219849
138 5 2 0 33162 33103 44299 15 122.822219849 122.603706360
136 138 2 0 33103 33068 48612 15 122.603706360 122.474075317
134 55 2 0 33068 33036 53194 16 122.474075317 122.355552673
176 84 0 1 33036 33035 55349 7 122.355552673 122.351852417
138 85 2 0 33035 32946 59933 16 122.351852417 122.022224426
132 85 0 1 32946 32939 64515 16 122.022224426 121.996299744
130 86 2 0 32939 32875 69367 17 121.996299744 121.759262085
118 36 2 0 32875 32858 76377 25 121.759262085 121.696296692
118 87 1 1 32858 32823 83118 24 121.696296692 121.566665649
106 5 2 0 32823 32810 92558 34 121.566665649 121.518516541
104 59 2 0 32810 32782 103078 38 121.518516541 121.414817810
194 61 0 1 32782 32754 105503 8 121.414817810 121.311111450
102 137 2 0 32754 32748 117103 42 121.311111450 121.288887024
97 28 1 6 32748 32675 129514 45 121.288887024 121.018516541
90 151 1 1 32675 32668 144622 55 121.018516541 120.992591858
90 17 0 6 32668 32655 159189 53 120.992591858 120.944442749
118 10 2 0 32655 32644 166740 27 120.944442749 120.903701782
88 42 1 6 32644 32630 182117 56 120.903701782 120.851852417
96 45 0 5 32630 32617 194797 46 120.851852417 120.803703308
122 12 2 0 32617 32605 201269 23 120.803703308 120.759262085
114 5 2 0 32605 32587 209629 30 120.759262085 120.692588806
89 3 1 4 32587 32555 224739 55 120.692588806 120.574073792
83 17 1 6 32555 32512 240927 59 120.574073792 120.414817810
80 29 1 6 32512 32490 258466 64 120.414817810 120.333335876
180 61 0 1 32490 32488 261161 9 120.333335876 120.325927734
110 62 2 0 32488 32471 270871 35 120.325927734 120.262962341
94 45 0 5 32471 32468 284901 51 120.262962341 120.251853943
77 116 1 5 32468 32449 304059 70 120.251853943 120.181480408
76 143 1 2 32449 32415 324026 73 120.181480408 120.055557251
77 127 1 1 32415 32413 343725 72 120.055557251 120.048149109
78 153 0 2 32413 32412 362613 69 120.048149109 120.044441223
128 127 2 0 32412 32407 368813 22 120.044441223 120.025924683
77 148 1 2 32407 32397 389050 74 120.025924683 119.988891602
75 25 1 6 32397 32396 411178 81 119.988891602 119.985183716
108 25 2 0 32396 32390 420618 34 119.985183716 119.962959290
88 55 0 0 32390 32384 436538 58 119.962959290 119.940742493
66 21 0 5 32384 32382 464336 102 119.940742493 119.933334351
86 35 2 0 32382 32379 481874 64 119.933334351 119.922225952
60 122 0 1 32379 32358 519388 138 119.922225952 119.844444275
98 153 1 1 32358 32353 532335 47 119.844444275 119.825927734
87 154 1 2 32353 32335 549061 61 119.825927734 119.759262085
61 88 1 2 32335 32332 583336 126 119.759262085 119.748146057
36 20 0 6 32332 32330 670793 323 119.748146057 119.740737915
72 42 2 0 32330 32329 692650 80 119.740737915 119.737037659
70 33 1 6 32329 32328 716400 87 119.737037659 119.733329773
74 31 0 5 32328 32326 737720 78 119.733329773 119.725929260
82 38 2 0 32326 32321 756608 69 119.725929260 119.707405090
74 39 1 6 32321 32320 778737 81 119.707405090 119.703704834
64 10 0 6 32320 32312 808155 108 119.703704834 119.674072266
56 27 2 0 32312 32304 849720 153 119.674072266 119.644447327
44 5 0 4 32304 32300 917744 251 119.644447327 119.629631042
72 3 1 3 32300 32291 939871 81 119.629631042 119.596298218
28 100 1 4 32291 32287 1057285 434 119.596298218 119.581481934
