SetMedian AvgDist: 223.46297 TotalDist: 18157
W 33334455555555555556556565556656556566566677767777777000001111110765665666567666676777010111111111111111111111111111111111111233444545555554555555565555543222222112212112221122334345555555555555555555555543322222112221111212112111111111111
Mean AvgDist: 212.50000 TotalDist: 3446125
W 333444555555555655565565556555656556566566666777770000110111111106655656655666566777700111111111112111111111111111111111223334454555555555555655556556555422121211112111111223344555556555565555555432212121211212111121112112111111111112
Time taken by program is : 724.78537sec
200 130 0 5 60335 60316 18967 1 223.462966919 223.392593384
184 182 2 0 60316 60111 20047 3 223.392593384 222.633331299
174 182 2 0 60111 59951 22207 7 222.633331299 222.040740967
172 87 2 0 59951 59839 24367 7 222.040740967 221.625930786
166 181 2 0 59839 59707 26527 7 221.625930786 221.137039185
168 154 1 6 59707 59698 28687 7 221.137039185 221.103698730
162 155 1 7 59698 59681 31117 8 221.103698730 221.040740967
153 156 1 7 59681 59657 33547 8 221.040740967 220.951858521
154 155 2 0 59657 59587 35977 8 220.951858521 220.692596436
152 180 2 0 59587 59492 38677 9 220.692596436 220.340744019
152 88 2 0 59492 59436 41647 10 220.340744019 220.133331299
146 88 2 0 59436 59422 45697 14 220.133331299 220.081481934
138 178 2 0 59422 59356 50827 18 220.081481934 219.837036133
142 138 0 6 59356 59322 56227 19 219.837036133 219.711105347
148 154 2 0 59322 59259 60547 15 219.711105347 219.477783203
132 198 1 1 59259 59210 67297 24 219.477783203 219.296295166
158 197 0 2 59210 59166 71347 14 219.296295166 219.133331299
132 198 1 1 59166 59130 77826 23 219.133331299 219.000000000
124 153 2 0 59130 59068 86195 30 219.000000000 218.770370483
148 152 0 6 59068 59060 91864 20 218.770370483 218.740737915
123 52 1 2 59060 59056 99693 28 218.740737915 218.725921631
130 55 0 1 59056 59055 106712 25 218.725921631 218.722229004
130 52 2 0 59055 58958 113731 25 218.722229004 218.362960815
118 178 2 0 58958 58941 122640 32 218.362960815 218.300003052
117 137 1 5 58941 58839 132359 35 218.300003052 217.922225952
112 76 1 5 58839 58710 142888 38 217.922225952 217.444442749
107 207 1 1 58710 58643 155577 46 217.444442749 217.196289062
107 130 1 5 58643 58597 167996 45 217.196289062 217.025924683
102 42 2 0 58597 58522 182035 51 217.025924683 216.748153687
122 19 0 5 58522 58521 190404 30 216.748153687 216.744445801
102 69 0 5 58521 58519 205253 54 216.744445801 216.737030029
101 219 1 1 58519 58506 220372 55 216.737030029 216.688888550
101 216 1 1 58506 58500 235491 55 216.688888550 216.666671753
100 122 1 2 58500 58416 252230 61 216.666671753 216.355560303
98 29 2 0 58416 58392 270319 66 216.355560303 216.266662598
122 55 0 1 58392 58391 277609 26 216.266662598 216.262969971
104 67 2 0 58391 58390 290298 46 216.262969971 216.259262085
102 23 0 5 58390 58380 303527 48 216.259262085 216.222229004
112 6 2 0 58380 58373 313786 37 216.222229004 216.196289062
97 230 1 2 58373 58356 331605 65 216.196289062 216.133331299
102 201 0 1 58356 58280 344564 47 216.133331299 215.851852417
98 203 1 1 58280 58249 362382 65 215.851852417 215.737030029
90 176 1 6 58249 58216 383708 78 215.737030029 215.614822388
106 178 2 0 58216 58209 395856 44 215.614822388 215.588882446
112 167 0 1 58209 58206 405304 34 215.588882446 215.577774048
94 177 2 0 58206 58174 423931 68 215.577774048 215.459259033
324 177 0 5 58174 58164 424741 2 215.459259033 215.422225952
90 42 2 0 58164 58101 444987 74 215.422225952 215.188888550
114 23 0 5 58101 58087 454705 35 215.188888550 215.137039185
88 231 0 1 58087 58067 475491 76 215.137039185 215.062957764
87 169 1 1 58067 58006 498707 85 215.062957764 214.837036133
132 152 2 0 58006 58005 505186 23 214.837036133 214.833328247
98 149 0 6 58005 57975 519764 53 214.833328247 214.722229004
86 43 2 0 57975 57943 543250 86 214.722229004 214.603698730
84 157 2 0 57943 57935 568085 91 214.603698730 214.574081421
86 44 2 0 57935 57934 590760 83 214.574081421 214.570373535
98 24 0 5 57934 57932 607228 60 214.570373535 214.562957764
96 55 0 1 57932 57927 623696 60 214.562957764 214.544448853
95 82 1 7 57927 57926 640434 61 214.544448853 214.540740967
100 69 0 5 57926 57924 654472 51 214.540740967 214.533340454
84 147 0 5 57924 57922 678498 88 214.533340454 214.525924683
82 25 2 0 57922 57919 704954 97 214.525924683 214.514816284
83 3 1 4 57919 57910 729789 91 214.514816284 214.481475830
80 51 2 0 57910 57902 758136 104 214.481475830 214.451858521
138 54 0 1 57902 57899 763805 20 214.451858521 214.440734863
79 78 1 5 57899 57883 792422 105 214.440734863 214.381484985
80 81 2 0 57883 57841 821309 106 214.381484985 214.225921631
79 73 1 5 57841 57840 850195 106 214.225921631 214.222229004
75 220 1 2 57840 57826 886641 134 214.222229004 214.170364380
74 195 0 3 57826 57780 923357 135 214.170364380 214.000000000
116 197 2 0 57780 57777 932263 32 214.000000000 213.988891602
73 183 1 6 57777 57743 970869 142 213.988891602 213.862960815
73 124 1 3 57743 57729 1008935 140 213.862960815 213.811111450
73 103 1 2 57729 57726 1047811 143 213.811111450 213.800003052
72 197 1 2 57726 57708 1087227 145 213.800003052 213.733337402
78 198 1 1 57708 57697 1118273 114 213.733337402 213.692596436
74 231 0 1 57697 57684 1155259 136 213.692596436 213.644439697
70 56 1 1 57684 57659 1200345 166 213.644439697 213.551849365
70 12 0 6 57659 57657 1245431 166 213.551849365 213.544448853
67 218 1 2 57657 57647 1294297 180 213.544448853 213.507400513
66 99 1 2 57647 57634 1344243 184 213.507400513 213.459259033
83 104 1 1 57634 57624 1369889 94 213.459259033 213.422225952
66 23 1 6 57624 57618 1418215 178 213.422225952 213.399993896
86 12 2 0 57618 57615 1440621 82 213.399993896 213.388885498
78 44 0 6 57615 57613 1470047 108 213.388885498 213.381484985
88 53 2 0 57613 57612 1489753 72 213.381484985 213.377777100
66 165 1 1 57612 57583 1539699 184 213.377777100 213.270370483
76 160 0 1 57583 57582 1571825 118 213.270370483 213.266662598
76 164 2 0 57582 57564 1603141 115 213.266662598 213.199996948
82 163 0 1 57564 57562 1627977 91 213.199996948 213.192596436
66 165 2 0 57562 57559 1677383 182 213.192596436 213.181488037
65 167 1 1 57559 57537 1728139 187 213.181488037 213.100006104
62 154 2 0 57537 57528 1786995 217 213.100006104 213.066665649
120 158 0 1 57528 57517 1794282 26 213.066665649 213.025924683
59 186 1 6 57517 57506 1860698 245 213.025924683 212.985183716
78 186 0 5 57506 57497 1891744 114 212.985183716 212.951858521
98 176 2 0 57497 57467 1906321 53 212.951858521 212.840744019
74 186 0 5 57467 57461 1941147 128 212.840744019 212.818511963
58 154 2 0 57461 57456 2009723 253 212.818511963 212.800003052
88 158 0 1 57456 57454 2029699 73 212.800003052 212.792587280
56 76 1 6 57454 57451 2109075 293 212.792587280 212.781478882
52 15 1 6 57451 57450 2202491 345 212.781478882 212.777770996
47 126 1 4 57450 57419 2318856 430 212.777770996 212.662963867
114 127 0 5 57419 57409 2327493 31 212.662963867 212.625930786
114 129 2 0 57409 57406 2336670 33 212.625930786 212.614822388
46 161 1 1 57406 57404 2457084 445 212.614822388 212.607406616
100 156 2 0 57404 57403 2469501 45 212.607406616 212.603698730
92 155 0 1 57403 57400 2488127 68 212.603698730 212.592590332
67 137 1 5 57400 57399 2536453 178 212.592590332 212.588882446
86 157 2 0 57399 57397 2560749 89 212.588882446 212.581481934
122 155 0 2 57397 57396 2567496 24 212.581481934 212.577774048
76 142 0 6 57396 57388 2600971 123 212.577774048 212.548141479
126 129 2 0 57388 57382 2607448 23 212.548141479 212.525924683
38 53 0 0 57382 57378 2757020 553 212.525924683 212.511108398
44 65 2 0 57378 57375 2883914 469 212.511108398 212.500000000
