SetMedian AvgDist: 141.46666 TotalDist: 18157
Y 333344555555555556566556555656555555555566565565566556556565556677777001112121111212121121211110010101010001000111111111122333445454545443332221111121211121
Mean AvgDist: 135.78519 TotalDist: 1590958
Y 333344555555565556565655656566565656656556566565565656556556565566677777011111121211221211212111110100010010101011011111123344454554545454443221212112121112121122
Time taken by program is : 161.76256sec
414 127 0 5 38196 38154 18697 0 141.466659546 141.311111450
342 144 0 2 38154 38091 19237 1 141.311111450 141.077774048
296 145 0 2 38091 38055 20045 2 141.077774048 140.944442749
250 146 0 2 38055 38040 20853 2 140.944442749 140.888885498
206 128 0 5 38040 38029 22197 4 140.888885498 140.848144531
180 149 0 2 38029 37993 24619 8 140.848144531 140.714813232
180 139 2 0 37993 37930 27039 8 140.714813232 140.481475830
172 123 2 0 37930 37928 31079 14 140.481475830 140.474075317
306 124 0 4 37928 37898 31887 2 140.474075317 140.362960815
170 125 2 0 37898 37891 36737 17 140.362960815 140.337036133
170 138 2 0 37891 37883 42125 19 140.337036133 140.307403564
164 130 0 5 37883 37865 48860 24 140.307403564 140.240737915
154 121 2 0 37865 37845 57484 31 140.240737915 140.166671753
160 147 0 2 37845 37842 64758 26 140.166671753 140.155548096
166 139 2 0 37842 37819 70956 22 140.155548096 140.070373535
146 125 0 4 37819 37768 79846 32 140.070373535 139.881484985
131 32 1 6 37768 37620 90356 38 139.881484985 139.333328247
128 126 0 4 37620 37614 101407 40 139.333328247 139.311111450
184 130 2 0 37614 37609 103826 8 139.311111450 139.292587280
126 149 0 2 37609 37595 114876 40 139.292587280 139.240737915
164 140 2 0 37595 37574 121343 23 139.240737915 139.162963867
124 74 2 0 37574 37478 132930 42 139.162963867 138.807403564
118 36 1 6 37478 37376 146130 48 138.807403564 138.429626465
104 94 2 0 37376 37348 162020 58 138.429626465 138.325927734
104 140 0 1 37348 37339 177372 56 138.325927734 138.292587280
146 141 2 0 37339 37326 185455 29 138.292587280 138.244445801
100 33 1 6 37326 37236 202149 61 138.244445801 137.911117554
95 31 1 6 37236 37201 221795 72 137.911117554 137.781478882
97 26 1 6 37201 37147 239561 65 137.781478882 137.581481934
96 70 1 1 37147 37136 258134 68 137.581481934 137.540740967
92 38 1 6 37136 37091 278856 76 137.540740967 137.374069214
87 107 1 1 37091 37076 300928 81 137.374069214 137.318511963
85 118 1 2 37076 37030 323269 82 137.318511963 137.148147583
85 119 1 3 37030 36979 345881 83 137.148147583 136.959259033
84 3 1 4 36979 36966 368221 82 136.959259033 136.911117554
80 78 1 2 36966 36954 392984 91 136.911117554 136.866668701
158 134 2 0 36954 36953 401330 30 136.866668701 136.862960815
136 124 0 5 36953 36941 412097 39 136.862960815 136.818511963
90 75 2 0 36941 36940 432288 74 136.818511963 136.814819336
102 77 0 1 36940 36938 449788 64 136.814819336 136.807403564
79 157 1 2 36938 36922 474547 91 136.807403564 136.748153687
80 144 0 1 36922 36918 500114 94 136.748153687 136.733337402
78 76 1 2 36918 36903 524872 91 136.733337402 136.677780151
82 80 1 1 36903 36885 547208 82 136.677780151 136.611114502
80 81 1 2 36885 36867 569280 81 136.611114502 136.544448853
78 13 1 6 36867 36850 593506 89 136.544448853 136.481475830
77 24 1 6 36850 36835 618001 90 136.481475830 136.425918579
76 61 1 6 36835 36819 643305 93 136.425918579 136.366668701
75 49 1 5 36819 36811 669686 97 136.366668701 136.337036133
83 48 1 6 36811 36798 690675 77 136.337036133 136.288894653
72 99 1 0 36798 36795 719212 105 136.288894653 136.277770996
76 94 2 0 36795 36794 744785 94 136.277770996 136.274078369
92 103 0 1 36794 36789 763625 69 136.274078369 136.255554199
70 111 1 0 36789 36755 794317 113 136.255554199 136.129623413
66 19 0 5 36755 36731 830134 132 136.129623413 136.040740967
72 23 1 6 36731 36724 857321 100 136.040740967 136.014816284
88 20 0 5 36724 36718 876700 71 136.014816284 135.992599487
73 25 1 5 36718 36707 902543 95 135.992599487 135.951858521
74 37 1 6 36707 36706 927573 92 135.951858521 135.948150635
69 22 1 5 36706 36703 956923 108 135.948150635 135.937042236
79 19 1 6 36703 36696 977918 77 135.937042236 135.911117554
65 3 1 3 36696 36692 1016163 141 135.911117554 135.896301270
62 156 1 2 36692 36691 1058719 157 135.896301270 135.892593384
102 155 2 0 36691 36675 1075137 60 135.892593384 135.833328247
50 34 0 5 36675 36674 1143031 251 135.833328247 135.829635620
75 23 1 6 36674 36670 1167796 91 135.829635620 135.814819336
70 39 1 5 36670 36664 1197685 110 135.814819336 135.792587280
100 148 0 1 36664 36663 1214642 62 135.792587280 135.788894653
64 23 1 5 36663 36662 1252348 139 135.788894653 135.785186768
