SetMedian AvgDist: 103.59722 TotalDist: 64620
A 333334444455455545555555555555555545556765556555655655677770111111211112107777077677776565665556656556567677701111211221212121121111212211121121121111221223222222
Mean AvgDist: 96.39445 TotalDist: 1108980
A 33333444545545555555555555555455555655556555555555556677770011111111111110077777777777766665666556566566777701111112112121122112121221212122122121222122222222
Time taken by program is : 71.79599sec
214 114 2 0 37295 37144 66420 3 103.597221375 103.177780151
201 78 1 7 37144 36934 67860 3 103.177780151 102.594444275
192 87 2 0 36934 36737 70020 5 102.594444275 102.047225952
178 115 2 0 36737 36621 72540 6 102.047225952 101.724998474
171 81 1 7 36621 36491 75060 6 101.724998474 101.363891602
170 40 0 5 36491 36462 77580 6 101.363891602 101.283332825
186 39 2 0 36462 36304 79380 4 101.283332825 100.844444275
168 66 0 1 36304 36233 81180 4 100.844444275 100.647224426
150 153 2 0 36233 36099 83340 5 100.647224426 100.275001526
153 147 1 2 36099 35990 85500 5 100.275001526 99.972221375
148 145 1 2 35990 35895 87660 5 99.972221375 99.708335876
134 0 2 0 35895 35865 91260 9 99.708335876 99.625000000
136 47 1 5 35865 35790 94860 9 99.625000000 99.416664124
134 88 2 0 35790 35712 98460 9 99.416664124 99.199996948
129 137 1 2 35712 35646 102420 10 99.199996948 99.016670227
129 126 1 2 35646 35567 106380 10 99.016670227 98.797225952
131 103 1 7 35567 35552 110340 10 98.797225952 98.755554199
128 71 0 1 35552 35547 114300 10 98.755554199 98.741668701
158 59 2 0 35547 35544 117180 7 98.741668701 98.733329773
128 71 1 1 35544 35451 121140 10 98.733329773 98.474998474
128 90 2 0 35451 35426 125460 11 98.474998474 98.405555725
135 101 1 6 35426 35320 129060 9 98.405555725 98.111114502
130 86 0 7 35320 35295 133020 10 98.111114502 98.041664124
124 4 2 0 35295 35275 137700 12 98.041664124 97.986114502
121 42 1 5 35275 35250 142380 12 97.986114502 97.916664124
120 132 1 2 35250 35179 147060 12 97.916664124 97.719444275
119 14 1 5 35179 35155 152100 13 97.719444275 97.652778625
113 139 1 2 35155 35121 157860 15 97.652778625 97.558334351
108 51 1 6 35121 35080 164700 18 97.558334351 97.444442749
108 115 2 0 35080 35068 171180 17 97.444442749 97.411109924
108 49 1 5 35068 35049 177300 16 97.411109924 97.358329773
104 4 0 3 35049 35005 184140 18 97.358329773 97.236114502
103 65 1 1 35005 35001 192060 21 97.236114502 97.224998474
101 98 1 6 35001 34997 201420 25 97.224998474 97.213890076
102 33 1 5 34997 34956 210420 24 97.213890076 97.099998474
101 123 1 2 34956 34929 219780 25 97.099998474 97.025001526
96 125 0 1 34929 34923 230940 30 97.025001526 97.008331299
95 72 1 0 34923 34882 243900 35 97.008331299 96.894447327
106 65 0 2 34882 34877 252540 23 96.894447327 96.880554199
168 75 2 0 34877 34857 253980 3 96.880554199 96.824996948
95 92 1 6 34857 34849 266220 33 96.824996948 96.802780151
102 94 1 5 34849 34840 275580 25 96.802780151 96.777778625
96 65 1 1 34840 34838 286020 28 96.777778625 96.772224426
80 34 1 6 34838 34834 313020 74 96.772224426 96.761108398
91 37 1 5 34834 34827 331020 49 96.761108398 96.741668701
89 49 1 6 34827 34823 349020 49 96.741668701 96.730552673
95 8 1 5 34823 34821 360540 31 96.730552673 96.724998474
90 8 0 4 34821 34804 375300 40 96.724998474 96.677780151
82 29 1 4 34804 34772 397980 62 96.677780151 96.588890076
52 60 1 0 34772 34733 485460 242 96.588890076 96.480552673
84 50 2 0 34733 34727 507780 61 96.480552673 96.463890076
70 94 0 6 34727 34725 556740 135 96.463890076 96.458335876
44 8 0 5 34725 34715 669060 311 96.458335876 96.430557251
122 10 2 0 34715 34702 675540 17 96.430557251 96.394447327
