SetMedian AvgDist: 146.23611 TotalDist: 64620
F 333333333334333333446776777777777767777777767767676555655456555554333333333333333332333345465677767777777777777777777655556565556565677701111112212111111111121111112111112110111112234323323333333
Mean AvgDist: 134.58611 TotalDist: 2130660
F 333333333343454556677677777777777777777777676655555555433333333333333333333445566767777777776777777777776655655555565556566777700111111111121111121121111112111111112111121233233233233233333
Time taken by program is : 228.89002sec
678 184 0 3 52645 52581 65700 1 146.236114502 146.058334351
586 185 0 3 52581 52552 66420 1 146.058334351 145.977783203
460 186 0 3 52552 52543 67140 1 145.977783203 145.952774048
342 0 2 0 52543 52392 69300 5 145.952774048 145.533340454
342 116 0 5 52392 52317 71820 6 145.533340454 145.324996948
312 0 2 0 52317 52207 75780 10 145.324996948 145.019439697
306 131 0 7 52207 52133 79740 10 145.019439697 144.813888550
300 55 2 0 52133 51729 83340 9 144.813888550 143.691665649
294 0 2 0 51729 51649 86940 9 143.691665649 143.469451904
276 180 2 0 51649 51489 91260 11 143.469451904 143.024993896
322 187 0 3 51489 51480 94140 7 143.024993896 143.000000000
276 0 2 0 51480 51423 98100 10 143.000000000 142.841659546
266 47 2 0 51423 51195 102780 12 142.841659546 142.208328247
262 60 2 0 51195 51089 107460 12 142.208328247 141.913894653
252 0 2 0 51089 51086 112140 12 141.913894653 141.905548096
252 14 0 5 51086 50937 116820 12 141.905548096 141.491668701
234 60 2 0 50937 50891 122220 14 141.491668701 141.363891602
204 47 2 0 50891 50756 129060 18 141.363891602 140.988891602
196 74 2 0 50756 50704 136620 20 140.988891602 140.844451904
194 87 0 7 50704 50682 143820 19 140.844451904 140.783340454
192 7 2 0 50682 50679 151380 20 140.783340454 140.774993896
764 6 0 3 50679 50662 152100 1 140.774993896 140.727783203
172 107 0 6 50662 50594 161460 25 140.727783203 140.538894653
188 84 2 0 50594 50585 169380 21 140.538894653 140.513885498
172 136 2 0 50585 50457 178740 25 140.513885498 140.158340454
168 47 2 0 50457 50383 188820 27 140.158340454 139.952774048
156 164 1 1 50383 50203 199980 30 139.952774048 139.452774048
150 122 0 6 50203 50177 211860 32 139.452774048 139.380554199
157 125 1 7 50177 50120 223020 30 139.380554199 139.222229004
146 48 2 0 50120 50116 236340 36 139.222229004 139.211105347
140 122 2 0 50116 50001 250020 37 139.211105347 138.891662598
220 85 0 7 50001 49999 256140 16 138.891662598 138.886108398
158 106 1 5 49999 49861 268020 32 138.886108398 138.502777100
196 86 0 7 49861 49857 275220 19 138.502777100 138.491668701
162 88 2 0 49857 49851 286020 29 138.491668701 138.475006104
146 135 2 0 49851 49819 299340 36 138.475006104 138.386108398
142 79 1 5 49819 49702 312660 36 138.386108398 138.061111450
244 87 0 7 49702 49692 318420 15 138.061111450 138.033340454
137 15 1 5 49692 49567 332460 38 138.033340454 137.686111450
186 12 0 4 49567 49506 340020 20 137.686111450 137.516662598
142 18 2 0 49506 49409 353700 37 137.516662598 137.247222900
142 18 2 0 49409 49356 367740 38 137.247222900 137.100006104
178 8 2 0 49356 49352 376020 22 137.100006104 137.088882446
650 7 0 3 49352 49336 377100 2 137.088882446 137.044448853
182 9 2 0 49336 49332 385380 22 137.044448853 137.033340454
722 8 0 3 49332 49316 386460 2 137.033340454 136.988891602
168 10 2 0 49316 49313 396900 28 136.988891602 136.980560303
746 9 0 3 49313 49300 397980 2 136.980560303 136.944442749
125 38 1 7 49300 49229 414540 45 136.944442749 136.747222900
132 13 1 5 49229 49144 430380 43 136.747222900 136.511108398
121 49 1 5 49144 49094 448740 50 136.511108398 136.372222900
116 113 1 5 49094 49064 467100 50 136.372222900 136.288894653
118 75 0 3 49064 49043 485460 50 136.288894653 136.230560303
112 41 2 0 49043 48974 505980 56 136.230560303 136.038894653
117 29 1 7 48974 48952 526140 55 136.038894653 135.977783203
111 160 1 1 48952 48932 547020 57 135.977783203 135.922225952
109 127 1 0 48932 48910 568260 58 135.922225952 135.861114502
106 167 1 2 48910 48868 590580 61 135.861114502 135.744445801
106 139 0 2 48868 48858 612900 61 135.744445801 135.716659546
244 172 2 0 48858 48846 617580 12 135.716659546 135.683334351
115 136 1 1 48846 48803 638100 56 135.683334351 135.563888550
101 79 1 6 48803 48778 662220 66 135.563888550 135.494445801
107 77 1 5 48778 48763 685620 64 135.494445801 135.452774048
202 81 2 0 48763 48750 692820 19 135.452774048 135.416671753
101 86 1 7 48750 48745 717300 67 135.416671753 135.402770996
102 103 0 6 48745 48743 740700 64 135.402770996 135.397216797
97 145 1 2 48743 48721 766980 72 135.397216797 135.336105347
210 81 2 0 48721 48718 773100 16 135.336105347 135.327774048
102 102 1 7 48718 48716 795420 61 135.327774048 135.322219849
92 74 0 4 48716 48664 822420 74 135.322219849 135.177780151
88 182 0 2 48664 48656 855180 90 135.177780151 135.155548096
246 172 2 0 48656 48654 860580 14 135.155548096 135.149993896
144 181 0 3 48654 48645 876060 42 135.149993896 135.125000000
194 176 2 0 48645 48638 883980 21 135.125000000 135.105560303
446 175 0 3 48638 48632 885420 3 135.105560303 135.088882446
182 183 2 0 48632 48624 895140 26 135.088882446 135.066665649
83 104 1 6 48624 48574 931500 100 135.066665649 134.927780151
68 20 0 6 48574 48565 990540 163 134.927780151 134.902770996
150 21 2 0 48565 48548 1006020 42 134.902770996 134.855560303
116 20 0 7 48548 48547 1025820 54 134.855560303 134.852783203
148 22 2 0 48547 48523 1041660 43 134.852783203 134.786117554
66 173 0 2 48523 48520 1104300 173 134.786117554 134.777770996
218 174 2 0 48520 48512 1111500 19 134.777770996 134.755554199
290 173 0 3 48512 48508 1116180 12 134.755554199 134.744445801
64 83 0 6 48508 48492 1184940 190 134.744445801 134.699996948
204 84 2 0 48492 48486 1192500 20 134.699996948 134.683334351
44 93 0 6 48486 48483 1315980 342 134.683334351 134.675003052
79 164 1 2 48483 48482 1360980 124 134.675003052 134.672225952
84 164 0 1 48482 48475 1400940 110 134.672225952 134.652770996
250 174 2 0 48475 48470 1405260 11 134.652770996 134.638885498
87 173 1 3 48470 48469 1440180 96 134.638885498 134.636108398
74 77 1 4 48469 48464 1490580 139 134.636108398 134.622222900
86 75 2 0 48464 48461 1525140 95 134.622222900 134.613891602
68 74 1 3 48461 48451 1584540 164 134.613891602 134.586105347
