SetMedian AvgDist: 182.50278 TotalDist: 64620
G 3333334334454655566777007777676766766665666565656556556556555545443343433323333232222211007770770770111122332333333344343323333233333445556667677777665555556666766676776767777777777077770070000111110111211111111211221121221222122223222323323232
Mean AvgDist: 169.77222 TotalDist: 3173940
G 3333333434454555556667777077777676766766666666565655655555555544343333333333232221007777001111223333333333333333333343445555667677665556566667677677677777777777777777077000001011111111111111121121121221222222222222323223233
Time taken by program is : 260.76224sec
348 90 2 0 65701 65478 66060 2 182.502777100 181.883331299
348 90 2 0 65478 65283 67140 2 181.883331299 181.341659546
304 90 2 0 65283 65162 68220 2 181.341659546 181.005554199
286 91 2 0 65162 65086 70020 4 181.005554199 180.794448853
284 86 2 0 65086 64881 72180 5 180.794448853 180.225006104
276 10 0 5 64881 64869 74340 5 180.225006104 180.191665649
270 91 2 0 64869 64866 76500 5 180.191665649 180.183334351
264 111 2 0 64866 64557 79380 7 180.183334351 179.324996948
244 75 2 0 64557 64335 83340 10 179.324996948 178.708328247
236 87 2 0 64335 64282 87300 10 178.708328247 178.561111450
570 89 0 7 64282 64251 88380 2 178.561111450 178.475006104
230 81 2 0 64251 64118 92700 11 178.475006104 178.105560303
230 119 2 0 64118 63878 97740 13 178.105560303 177.438888550
220 67 2 0 63878 63808 103140 14 177.438888550 177.244445801
212 80 2 0 63808 63768 108900 15 177.244445801 177.133331299
206 132 2 0 63768 63665 115740 18 177.133331299 176.847229004
206 13 0 5 63665 63649 122940 19 176.847229004 176.802780151
206 41 2 0 63649 63500 130500 20 176.802780151 176.388885498
204 130 2 0 63500 63417 138060 20 176.388885498 176.158340454
200 131 2 0 63417 63368 145620 20 176.158340454 176.022216797
192 107 2 0 63368 63159 153540 21 176.022216797 175.441665649
460 87 0 7 63159 63157 155340 4 175.441665649 175.436111450
248 89 2 0 63157 63151 160380 13 175.436111450 175.419448853
190 187 2 0 63151 62961 169740 25 175.419448853 174.891662598
182 67 2 0 62961 62955 179820 27 174.891662598 174.875000000
596 69 0 3 62955 62930 181260 3 174.875000000 174.805557251
172 63 2 0 62930 62896 193500 33 174.805557251 174.711105347
174 77 0 3 62896 62889 206100 34 174.711105347 174.691665649
192 67 2 0 62889 62880 214740 23 174.691665649 174.666671753
184 77 0 3 62880 62870 225180 28 174.666671753 174.638885498
366 88 0 7 62870 62868 227700 6 174.638885498 174.633331299
234 90 2 0 62868 62844 233820 16 174.633331299 174.566665649
248 89 0 7 62844 62824 238500 12 174.566665649 174.511108398
172 64 2 0 62824 62816 251460 35 174.511108398 174.488891602
176 77 0 3 62816 62814 264060 34 174.488891602 174.483337402
198 80 2 0 62814 62813 272700 23 174.483337402 174.480560303
171 227 1 3 62813 62686 286020 36 174.480560303 174.127777100
168 130 2 0 62686 62673 299340 36 174.127777100 174.091659546
210 129 0 7 62673 62665 306900 20 174.091659546 174.069442749
166 48 2 0 62665 62597 320220 36 174.069442749 173.880554199
176 30 0 7 62597 62582 332100 32 173.880554199 173.838882446
176 24 2 0 62582 62581 343980 32 173.838882446 173.836105347
186 24 0 7 62581 62570 354420 28 173.836105347 173.805557251
166 111 2 0 62570 62401 367020 34 173.805557251 173.336105347
164 220 2 0 62401 62386 380340 36 173.336105347 173.294448853
158 50 2 0 62386 62341 394740 39 173.294448853 173.169448853
222 62 0 4 62341 62336 400860 16 173.169448853 173.155548096
156 97 2 0 62336 62300 416700 43 173.155548096 173.055557251
155 153 1 7 62300 62189 432900 44 173.055557251 172.747222900
152 45 2 0 62189 62159 449460 45 172.747222900 172.663894653
148 106 1 3 62159 62089 467820 50 172.663894653 172.469451904
160 98 2 0 62089 62088 484380 45 172.469451904 172.466659546
234 97 0 3 62088 62082 489780 14 172.466659546 172.449996948
154 99 2 0 62082 62074 507420 48 172.449996948 172.427780151
139 206 1 2 62074 62005 528300 57 172.427780151 172.236114502
138 15 2 0 62005 61938 549180 57 172.236114502 172.050003052
137 161 1 7 61938 61864 570060 57 172.050003052 171.844451904
137 55 1 5 61864 61794 590940 57 171.844451904 171.649993896
131 97 1 3 61794 61722 614340 64 171.649993896 171.449996948
126 143 1 7 61722 61667 638820 67 171.449996948 171.297225952
124 178 1 1 61667 61635 663660 68 171.297225952 171.208328247
130 210 2 0 61635 61631 687420 65 171.208328247 171.197219849
126 218 0 3 61631 61629 712980 70 171.197219849 171.191665649
122 193 2 0 61629 61600 739260 72 171.191665649 171.111114502
114 8 0 4 61600 61589 770220 85 171.111114502 171.080551147
140 11 2 0 61589 61565 791460 58 171.080551147 171.013885498
115 14 1 5 61565 61490 821700 83 171.013885498 170.805557251
109 148 1 7 61490 61484 855540 93 170.805557251 170.788894653
104 212 0 2 61484 61470 890820 97 170.788894653 170.750000000
136 173 2 0 61470 61436 912780 60 170.750000000 170.655548096
100 164 1 0 61436 61429 950220 103 170.655548096 170.636108398
105 133 1 6 61429 61361 985500 97 170.636108398 170.447219849
102 168 1 0 61361 61338 1021500 99 170.447219849 170.383331299
120 173 2 0 61338 61335 1049580 77 170.383331299 170.375000000
104 121 0 5 61335 61316 1084860 97 170.375000000 170.322219849
116 122 2 0 61316 61308 1115100 83 170.322219849 170.300003052
122 171 0 1 61308 61306 1141740 73 170.300003052 170.294448853
92 114 1 4 61306 61295 1187100 125 170.294448853 170.263885498
302 114 0 3 61295 61291 1190700 9 170.263885498 170.252777100
102 175 2 0 61291 61289 1225980 97 170.252777100 170.247222900
224 11 0 5 61289 61288 1232100 16 170.247222900 170.244445801
104 175 1 1 61288 61270 1266300 94 170.244445801 170.194442749
82 217 1 2 61270 61262 1323540 158 170.194442749 170.172225952
82 168 0 7 61262 61242 1380420 157 170.172225952 170.116668701
81 9 1 4 61242 61229 1440180 165 170.116668701 170.080551147
142 11 2 0 61229 61225 1461060 57 170.080551147 170.069442749
144 6 0 3 61225 61211 1481220 55 170.069442749 170.030548096
144 7 2 0 61211 61207 1502100 57 170.030548096 170.019439697
75 17 1 6 61207 61205 1575180 202 170.019439697 170.013885498
176 8 0 3 61205 61200 1588140 35 170.013885498 170.000000000
79 7 1 4 61200 61198 1652580 178 170.000000000 169.994445801
124 9 2 0 61198 61197 1678860 72 169.994445801 169.991668701
186 11 0 5 61197 61186 1690020 30 169.991668701 169.961105347
82 47 2 0 61186 61180 1745820 154 169.961105347 169.944442749
76 60 1 5 61180 61163 1816380 195 169.944442749 169.897216797
73 135 1 6 61163 61155 1892340 210 169.897216797 169.875000000
64 142 2 0 61155 61151 1989900 270 169.875000000 169.863891602
82 140 0 7 61151 61149 2048940 163 169.863891602 169.858337402
92 147 2 0 61149 61146 2091060 116 169.858337402 169.850006104
58 140 0 6 61146 61145 2205900 318 169.850006104 169.847229004
66 134 2 0 61145 61137 2298780 257 169.847229004 169.824996948
80 143 0 7 61137 61129 2359260 167 169.824996948 169.802780151
44 80 0 2 61129 61118 2526300 463 169.802780151 169.772216797
