SetMedian AvgDist: 179.83611 TotalDist: 64620
H 33344565555656655555655554465677655556565555555566767001111111111112107777777777767665656555565555676777010111211121121211211011122221212111112122233344556555556556565433333333333221121212111121221122
Mean AvgDist: 166.74722 TotalDist: 3576060
H 3334455555555565555555555555556555556566555565555655556556677770111111112111211007777777777777665565655556556566677770111111112111121121112111211121112111211223344555555555555554333333333332211211121111111211121
Time taken by program is : 286.61886sec
476 4 0 5 64741 64587 66420 3 179.836105347 179.408340454
362 5 0 5 64587 64414 68940 6 179.408340454 178.927780151
470 3 0 5 64414 64382 70380 3 178.927780151 178.838882446
336 2 0 4 64382 64336 72540 5 178.838882446 178.711105347
260 158 2 0 64336 64190 76500 10 178.711105347 178.305557251
330 0 0 3 64190 64187 79380 7 178.305557251 178.297225952
248 5 1 5 64187 63840 84060 12 178.297225952 177.333328247
230 32 0 5 63840 63710 89820 15 177.333328247 176.972229004
230 171 2 0 63710 63597 95580 15 176.972229004 176.658340454
226 58 1 7 63597 63401 100980 14 176.658340454 176.113891602
212 169 2 0 63401 63395 108900 21 176.113891602 176.097229004
210 10 1 5 63395 63148 116460 20 176.097229004 175.411117554
210 88 0 7 63148 63058 123660 19 175.411117554 175.161117554
204 188 0 1 63058 63046 131220 20 175.161117554 175.127777100
202 133 2 0 63046 62851 139140 21 175.127777100 174.586105347
188 154 2 0 62851 62835 150300 30 174.586105347 174.541671753
174 165 0 5 62835 62781 166500 44 174.541671753 174.391662598
172 17 0 5 62781 62684 183060 45 174.391662598 174.122222900
167 20 1 5 62684 62493 201780 51 174.122222900 173.591659546
174 39 1 5 62493 62337 218700 46 173.591659546 173.158340454
164 119 0 1 62337 62286 238140 53 173.158340454 173.016662598
162 7 1 5 62286 62146 257940 54 173.016662598 172.627777100
160 120 2 0 62146 62141 278460 56 172.627777100 172.613891602
160 123 0 1 62141 62137 298980 56 172.613891602 172.602783203
178 114 2 0 62137 62050 315180 44 172.602783203 172.361114502
186 123 0 1 62050 62039 327780 34 172.361114502 172.330551147
162 138 2 0 62039 61953 348300 56 172.330551147 172.091659546
178 124 0 1 61953 61952 365220 46 172.091659546 172.088882446
166 139 2 0 61952 61890 385380 55 172.088882446 171.916671753
164 140 0 1 61890 61858 405900 56 171.916671753 171.827774048
156 34 1 5 61858 61669 427140 58 171.827774048 171.302780151
154 202 1 1 61669 61533 448740 59 171.302780151 170.925003052
182 190 0 1 61533 61532 463140 39 170.925003052 170.922225952
149 3 1 4 61532 61429 485460 61 170.922225952 170.636108398
148 75 0 1 61429 61366 508140 62 170.636108398 170.461105347
143 208 1 1 61366 61297 530820 62 170.461105347 170.269439697
140 38 2 0 61297 61243 553500 62 170.269439697 170.119445801
152 32 0 5 61243 61196 575100 59 170.119445801 169.988891602
152 33 0 5 61196 61177 595980 57 169.988891602 169.936111450
134 110 1 6 61177 61088 621180 69 169.936111450 169.688888550
132 130 0 1 61088 61082 646740 70 169.688888550 169.672225952
170 117 2 0 61082 61054 662580 43 169.672225952 169.594451904
132 155 2 0 61054 61034 689220 73 169.594451904 169.538894653
186 141 0 1 61034 61026 698940 26 169.538894653 169.516662598
125 48 1 5 61026 60997 727740 79 169.516662598 169.436111450
124 115 1 7 60997 60953 756540 79 169.436111450 169.313888550
184 142 0 1 60953 60950 766620 27 169.313888550 169.305557251
154 117 2 0 60950 60947 787140 56 169.305557251 169.297225952
144 144 0 1 60947 60900 811260 66 169.297225952 169.166671753
124 135 2 0 60900 60894 840060 79 169.166671753 169.149993896
148 129 0 1 60894 60892 861660 59 169.149993896 169.144439697
150 117 2 0 60892 60881 882900 58 169.144439697 169.113891602
126 144 0 1 60881 60869 909900 74 169.113891602 169.080551147
120 155 2 0 60869 60867 939060 80 169.080551147 169.074996948
122 189 2 0 60867 60865 968580 81 169.074996948 169.069442749
128 170 0 5 60865 60846 995220 73 169.069442749 169.016662598
120 195 0 1 60846 60842 1026180 85 169.016662598 169.005554199
130 190 2 0 60842 60822 1052460 72 169.005554199 168.949996948
148 195 0 1 60822 60806 1074060 59 168.949996948 168.905548096
124 203 2 0 60806 60758 1103220 80 168.905548096 168.772216797
118 18 1 5 60758 60689 1134900 87 168.772216797 168.580551147
118 92 1 7 60689 60653 1167300 89 168.580551147 168.480560303
120 97 0 5 60653 60631 1199700 89 168.480560303 168.419448853
120 34 2 0 60631 60533 1230660 85 168.419448853 168.147216797
120 61 1 7 60533 60486 1261620 85 168.147216797 168.016662598
116 147 1 1 60486 60434 1294020 89 168.016662598 167.872222900
113 198 1 1 60434 60382 1327140 91 167.872222900 167.727783203
110 107 1 6 60382 60368 1361340 94 167.727783203 167.688888550
106 54 1 6 60368 60337 1399500 105 167.688888550 167.602783203
106 70 0 2 60337 60322 1437660 105 167.602783203 167.561111450
218 172 2 0 60322 60321 1443420 15 167.561111450 167.558334351
132 77 2 0 60321 60315 1469340 71 167.558334351 167.541671753
132 36 0 5 60315 60312 1495260 71 167.541671753 167.533340454
104 171 0 6 60312 60305 1532340 102 167.533340454 167.513885498
102 139 0 2 60305 60302 1571220 107 167.513885498 167.505554199
126 126 2 0 60302 60296 1601100 82 167.505554199 167.488891602
146 125 0 1 60296 60294 1624500 64 167.488891602 167.483337402
120 130 2 0 60294 60265 1656180 87 167.483337402 167.402770996
98 71 0 1 60265 60255 1698300 116 167.402770996 167.375000000
208 81 2 0 60255 60245 1706220 21 167.375000000 167.347229004
95 27 1 5 60245 60233 1750500 122 167.347229004 167.313888550
93 50 1 6 60233 60222 1794420 121 167.313888550 167.283340454
92 57 0 5 60222 60219 1839060 123 167.283340454 167.274993896
90 12 2 0 60219 60218 1887300 133 167.274993896 167.272216797
85 30 1 6 60218 60184 1942380 152 167.272216797 167.177780151
96 20 1 5 60184 60164 1985580 119 167.177780151 167.122222900
79 154 1 2 60164 60159 2049660 177 167.122222900 167.108337402
78 13 0 6 60159 60142 2115540 182 167.108337402 167.061111450
100 14 2 0 60142 60138 2155140 109 167.061111450 167.050003052
76 79 1 0 60138 60096 2223540 189 167.050003052 166.933334351
76 76 1 2 60096 60093 2291940 189 166.933334351 166.925003052
71 171 1 5 60093 60086 2373660 226 166.925003052 166.905548096
68 49 0 5 60086 60082 2457900 233 166.905548096 166.894439697
78 41 2 0 60082 60076 2525220 186 166.894439697 166.877777100
70 37 1 6 60076 60072 2607300 227 166.877777100 166.866668701
103 40 1 5 60072 60065 2646900 109 166.866668701 166.847229004
80 37 0 5 60065 60056 2710980 177 166.847229004 166.822219849
94 40 2 0 60056 60051 2756340 125 166.822219849 166.808334351
48 13 0 5 60051 60036 2905020 412 166.808334351 166.766662598
98 15 2 0 60036 60029 2948940 121 166.766662598 166.747222900
