SetMedian AvgDist: 111.72222 TotalDist: 64620
I 333445455555556555556555555555655555555555655567677700111112111111211111111111111212111111112111
Mean AvgDist: 109.48333 TotalDist: 1097100
I 33334455555556555556555655555565555565555565556566777777011111112121112111211111121112111111111121122
Time taken by program is : 60.62103sec
866 46 0 7 40220 40210 65700 1 111.722221375 111.694442749
756 49 0 7 40210 40163 66780 2 111.694442749 111.563888550
648 3 0 3 40163 40106 68580 4 111.563888550 111.405555725
314 55 0 7 40106 40064 73980 14 111.405555725 111.288887024
292 56 0 7 40064 40063 80100 16 111.288887024 111.286109924
242 47 2 0 40063 39963 88380 22 111.286109924 111.008331299
218 48 2 0 39963 39924 98100 26 111.008331299 110.900001526
338 55 0 7 39924 39915 102780 12 110.900001526 110.875000000
214 48 2 0 39915 39892 111780 24 110.875000000 110.811111450
168 98 0 2 39892 39810 128700 46 110.811111450 110.583335876
128 45 1 6 39810 39758 150660 60 110.583335876 110.438888550
142 43 0 5 39758 39749 169740 52 110.438888550 110.413887024
140 6 2 0 39749 39736 189540 54 110.413887024 110.377777100
138 43 0 5 39736 39718 210780 58 110.377777100 110.327774048
170 4 2 0 39718 39700 225900 41 110.327774048 110.277778625
108 99 1 2 39700 39656 251100 69 110.277778625 110.155555725
106 86 1 1 39656 39623 277380 72 110.155555725 110.063888550
87 80 1 2 39623 39595 311940 95 110.063888550 109.986114502
96 62 0 1 39595 39593 344340 89 109.986114502 109.980552673
124 64 2 0 39593 39567 367380 63 109.980552673 109.908332825
92 62 0 2 39567 39557 400860 92 109.908332825 109.880554199
154 55 2 0 39557 39553 417060 44 109.880554199 109.869445801
103 41 1 6 39553 39551 444780 76 109.869445801 109.863891602
104 43 0 5 39551 39546 472140 75 109.863891602 109.849998474
114 44 2 0 39546 39530 494820 62 109.849998474 109.805557251
92 23 0 6 39530 39505 528300 92 109.805557251 109.736114502
83 77 1 2 39505 39488 567900 109 109.736114502 109.688888550
77 36 1 6 39488 39472 613260 125 109.688888550 109.644447327
72 66 1 2 39472 39437 664380 141 109.644447327 109.547225952
73 74 1 2 39437 39431 714780 139 109.547225952 109.530555725
102 77 1 1 39431 39419 741780 74 109.530555725 109.497222900
73 62 1 1 39419 39414 791100 136 109.497222900 109.483329773
