SetMedian AvgDist: 171.80727 TotalDist: 64261
J 33333333333434555455567000776776655555556555555556555565556555656566666767676777777777077070000111111223332323432333334333433221211111111212111121111110077777767767770011111233333323333333233
Mean AvgDist: 159.68994 TotalDist: 2027175
J 333333334344455566777777777777665555555555555555555555555556565666667677777777777777070770000001111112233334443444343333333322221121111111111111111111100777777777770011112233233333332323
Time taken by program is : 221.12833sec
406 28 0 7 61507 61364 67841 8 171.807266235 171.407821655
404 29 0 7 61364 61276 71063 8 171.407821655 171.162017822
342 30 0 7 61276 61242 74285 8 171.162017822 171.067031860
302 0 2 0 61242 61152 78223 10 171.067031860 170.815643311
288 176 2 0 61152 61101 82161 10 170.815643311 170.673187256
288 176 2 0 61101 61060 86457 11 170.673187256 170.558654785
290 176 2 0 61060 61039 90753 11 170.558654785 170.500000000
284 0 2 0 61039 60987 95049 11 170.500000000 170.354751587
260 0 2 0 60987 60979 101135 16 170.354751587 170.332397461
262 28 0 7 60979 60937 107221 16 170.332397461 170.215087891
256 20 2 0 60937 60739 113307 16 170.215087891 169.662017822
270 28 0 7 60739 60712 119035 15 169.662017822 169.586593628
254 20 2 0 60712 60520 125479 17 169.586593628 169.050277710
270 28 0 7 60520 60505 131207 15 169.050277710 169.008377075
244 160 2 0 60505 60352 138725 20 169.008377075 168.581008911
242 162 2 0 60352 60226 146243 20 168.581008911 168.229049683
240 20 2 0 60226 60042 153761 20 168.229049683 167.715087891
276 28 0 7 60042 60036 159131 14 167.715087891 167.698318481
205 77 1 7 60036 59860 168797 26 167.698318481 167.206710815
198 109 1 4 59860 59551 178821 27 167.206710815 166.343582153
182 95 0 1 59551 59510 190635 32 166.343582153 166.229049683
170 146 1 1 59510 59351 203165 34 166.229049683 165.784912109
166 114 2 0 59351 59086 216053 35 165.784912109 165.044692993
163 138 1 1 59086 58917 228941 35 165.044692993 164.572631836
156 11 1 3 58917 58810 243261 39 164.572631836 164.273742676
153 75 1 7 58810 58734 257581 39 164.273742676 164.061447144
164 87 0 7 58734 58699 270827 36 164.061447144 163.963684082
146 55 1 5 58699 58579 285863 41 163.963684082 163.628494263
146 124 1 3 58579 58416 300541 40 163.628494263 163.173187256
144 141 1 1 58416 58303 315577 41 163.173187256 162.857543945
145 50 1 5 58303 58176 330613 41 162.857543945 162.502792358
142 41 1 5 58176 58090 346007 42 162.502792358 162.262573242
141 109 1 3 58090 57901 361401 42 162.262573242 161.734634399
138 11 2 0 57901 57881 378227 46 161.734634399 161.678771973
1006 8 0 3 57881 57877 379659 3 161.678771973 161.667602539
129 172 1 2 57877 57851 398275 51 161.667602539 161.594970703
278 174 2 0 57851 57842 403287 13 161.594970703 161.569839478
128 34 2 0 57842 57800 421187 49 161.569839478 161.452514648
120 12 1 3 57800 57793 441235 55 161.452514648 161.432968140
252 0 2 0 57793 57765 448037 18 161.432968140 161.354751587
110 124 0 2 57765 57740 470233 61 161.354751587 161.284912109
146 104 2 0 57740 57734 484195 38 161.284912109 161.268157959
178 107 0 4 57734 57710 494935 29 161.268157959 161.201110840
107 28 1 7 57710 57682 518563 65 161.201110840 161.122909546
114 11 2 0 57682 57659 540043 59 161.122909546 161.058654785
3024 0 0 3 57659 57658 540401 0 161.058654785 161.055862427
270 0 2 0 57658 57641 545771 14 161.055862427 161.008377075
110 33 2 0 57641 57639 568325 62 161.008377075 161.002792358
160 85 0 7 57639 57630 580855 34 161.002792358 160.977661133
115 56 1 5 57630 57611 602335 59 160.977661133 160.924575806
103 90 1 0 57611 57598 629185 74 160.924575806 160.888275146
122 94 2 0 57598 57574 647443 50 160.888275146 160.821228027
112 86 0 7 57574 57571 671071 65 160.821228027 160.812850952
102 113 1 4 57571 57479 697205 72 160.812850952 160.555862427
102 85 1 0 57479 57464 722623 70 160.555862427 160.513961792
100 16 1 6 57464 57423 749115 73 160.513961792 160.399444580
93 115 1 4 57423 57378 783483 95 160.399444580 160.273742676
109 118 1 3 57378 57373 806753 64 160.273742676 160.259780884
95 125 1 2 57373 57328 838257 87 160.259780884 160.134078979
116 128 2 0 57328 57314 860095 60 160.134078979 160.094970703
100 107 0 3 57314 57299 886945 74 160.094970703 160.053070068
104 109 1 4 57299 57263 912005 69 160.053070068 159.952514648
86 113 2 0 57263 57238 949953 105 159.952514648 159.882675171
85 13 1 5 57238 57233 991123 114 159.882675171 159.868713379
178 18 2 0 57233 57226 1002221 30 159.868713379 159.849166870
92 12 1 4 57226 57204 1033367 86 159.849166870 159.787704468
80 130 0 2 57204 57198 1079549 128 159.787704468 159.770950317
80 184 0 2 57198 57188 1125015 126 159.770950317 159.743011475
94 123 2 0 57188 57187 1157593 90 159.743011475 159.740219116
75 110 1 4 57187 57182 1211651 150 159.740219116 159.726257324
122 110 0 3 57182 57175 1233131 59 159.726257324 159.706710815
20 13 0 4 57175 57174 1490891 719 159.706710815 159.703903198
252 0 2 0 57174 57169 1497693 18 159.703903198 159.689941406
