SetMedian AvgDist: 180.27499 TotalDist: 64620
K 33345555455555555555543332322333222322322322222234455555656666666766766767667765543445444444444445455567677770000000000000070707655555565565556555667777011111121211121111111112111112111112111111111111111112
Mean AvgDist: 168.30833 TotalDist: 2874780
K 3334455555555655555432322322322222222333455566666666766766766766655444444445444444444545555667777700010001000000000007077766556556555655666777701111111111211111211111211112111112112121121121211212
Time taken by program is : 219.45743sec
452 109 0 1 64899 64888 65340 0 180.274993896 180.244445801
338 29 2 0 64888 64579 66060 1 180.244445801 179.386108398
318 22 2 0 64579 64348 66780 1 179.386108398 178.744445801
298 28 2 0 64348 64143 67500 1 178.744445801 178.175003052
288 4 2 0 64143 63975 68580 2 178.175003052 177.708328247
302 4 2 0 63975 63809 69300 1 177.708328247 177.247222900
288 24 2 0 63809 63656 70740 3 177.247222900 176.822219849
274 26 2 0 63656 63527 72180 3 176.822219849 176.463882446
266 20 2 0 63527 63437 73980 4 176.463882446 176.213882446
264 31 2 0 63437 63384 75780 4 176.213882446 176.066665649
258 102 0 1 63384 63288 77580 4 176.066665649 175.800003052
258 21 2 0 63288 63269 79380 4 175.800003052 175.747222900
254 4 2 0 63269 63171 82620 8 175.747222900 175.475006104
240 19 2 0 63171 63165 87300 12 175.475006104 175.458328247
224 183 0 2 63165 63141 95220 21 175.458328247 175.391662598
218 149 2 0 63141 63028 104220 24 175.391662598 175.077774048
212 4 2 0 63028 62962 113220 24 175.077774048 174.894439697
316 28 0 2 62962 62960 115380 5 174.894439697 174.888885498
260 24 2 0 62960 62958 118260 7 174.888885498 174.883331299
212 19 0 3 62958 62949 127260 24 174.883331299 174.858337402
194 188 0 2 62949 62902 139140 32 174.858337402 174.727783203
192 100 0 1 62902 62877 152460 36 174.727783203 174.658340454
204 120 2 0 62877 62738 163260 29 174.658340454 174.272216797
184 120 2 0 62738 62646 178020 40 174.272216797 174.016662598
178 142 2 0 62646 62602 194580 45 174.016662598 173.894439697
208 183 0 2 62602 62597 205740 30 173.894439697 173.880554199
202 148 2 0 62597 62525 217980 33 173.880554199 173.680557251
180 120 2 0 62525 62485 233820 43 173.680557251 173.569442749
170 76 0 3 62485 62465 250380 45 173.569442749 173.513885498
170 142 2 0 62465 62430 266940 45 173.513885498 173.416671753
164 37 2 0 62430 62372 284580 48 173.416671753 173.255554199
324 35 0 3 62372 62350 287820 8 173.255554199 173.194442749
226 36 2 0 62350 62325 296460 23 173.194442749 173.125000000
366 29 0 2 62325 62311 299340 7 173.125000000 173.086105347
156 93 1 7 62311 62232 319860 56 173.086105347 172.866668701
154 188 0 2 62232 62192 340380 56 172.866668701 172.755554199
160 142 2 0 62192 62172 359100 51 172.755554199 172.699996948
140 64 2 0 62172 62017 380700 59 172.699996948 172.269439697
143 43 1 6 62017 61927 401220 56 172.269439697 172.019439697
139 97 1 0 61927 61741 422820 59 172.019439697 171.502777100
136 152 0 2 61741 61720 446220 64 171.502777100 171.444442749
128 103 0 1 61720 61680 471780 70 171.444442749 171.333328247
126 11 0 6 61680 61629 498060 72 171.333328247 171.191665649
206 31 2 0 61629 61623 510660 34 171.191665649 171.175003052
280 27 0 2 61623 61621 514260 9 171.175003052 171.169448853
242 19 2 0 61621 61617 520380 16 171.169448853 171.158340454
170 11 0 5 61617 61611 538020 48 171.158340454 171.141662598
126 13 2 0 61611 61610 563940 71 171.141662598 171.138885498
160 12 0 5 61610 61595 582300 50 171.138885498 171.097229004
120 76 1 4 61595 61508 609660 75 171.097229004 170.855560303
125 73 1 4 61508 61469 636660 74 170.855560303 170.747222900
126 75 0 3 61469 61462 663300 73 170.747222900 170.727783203
142 70 2 0 61462 61429 685260 60 170.727783203 170.636108398
122 71 0 5 61429 61421 712980 76 170.636108398 170.613891602
135 71 1 4 61421 61357 737460 67 170.613891602 170.436111450
128 54 2 0 61357 61326 763380 71 170.436111450 170.350006104
119 193 1 2 61326 61269 791820 78 170.350006104 170.191665649
118 59 2 0 61269 61248 821700 82 170.191665649 170.133331299
120 46 1 6 61248 61181 850860 80 170.133331299 169.947219849
112 154 2 0 61181 61170 884340 92 169.947219849 169.916671753
120 189 0 2 61170 61166 914580 83 169.916671753 169.905548096
154 149 2 0 61166 61160 934740 55 169.905548096 169.888885498
111 100 1 0 61160 61088 969660 96 169.888885498 169.688888550
110 63 2 0 61088 61044 1006380 101 169.688888550 169.566665649
114 43 1 6 61044 61011 1039860 92 169.566665649 169.475006104
140 30 0 3 61011 61009 1064340 67 169.475006104 169.469451904
106 121 0 6 61009 60980 1102860 106 169.469451904 169.388885498
146 122 2 0 60980 60953 1125540 62 169.388885498 169.313888550
100 73 1 5 60953 60926 1167300 115 169.313888550 169.238891602
112 73 1 4 60926 60915 1203300 99 169.238891602 169.208328247
100 86 1 5 60915 60913 1245420 116 169.208328247 169.202774048
100 71 0 5 60913 60901 1287540 116 169.202774048 169.169448853
109 71 1 4 60901 60888 1324620 102 169.169448853 169.133331299
108 44 2 0 60888 60885 1362420 104 169.133331299 169.125000000
118 58 0 7 60885 60861 1396260 93 169.125000000 169.058334351
97 90 1 6 60861 60818 1441620 125 169.058334351 168.938888550
110 84 1 5 60818 60817 1479420 104 168.938888550 168.936111450
102 97 1 0 60817 60800 1520460 113 168.936111450 168.888885498
92 119 1 7 60800 60759 1569060 134 168.888885498 168.774993896
92 67 0 5 60759 60755 1618740 137 168.774993896 168.763885498
115 67 1 4 60755 60745 1652940 94 168.763885498 168.736114502
98 44 2 0 60745 60736 1698660 126 168.736114502 168.711105347
106 52 0 7 60736 60706 1737900 108 168.711105347 168.627777100
87 75 1 5 60706 60702 1796220 161 168.627777100 168.616668701
92 56 2 0 60702 60699 1846980 140 168.616668701 168.608337402
108 55 0 7 60699 60665 1884420 103 168.608337402 168.513885498
86 167 2 0 60665 60664 1942740 161 168.513885498 168.511108398
332 183 0 2 60664 60647 1944900 5 168.511108398 168.463882446
83 183 1 1 60647 60645 2009700 179 168.463882446 168.458328247
98 182 1 2 60645 60641 2053620 121 168.458328247 168.447219849
83 136 1 6 60641 60629 2120940 186 168.447219849 168.413894653
75 37 1 3 60629 60594 2205900 235 168.413894653 168.316665649
68 30 1 2 60594 60591 2308860 285 168.316665649 168.308334351
