SetMedian AvgDist: 84.62222 TotalDist: 64620
L 333344556555565556555555655655555543333333333233333333333334545567677777777777767777776777777776677770111112212111111112211211111111111221121
Mean AvgDist: 79.58334 TotalDist: 725940
L 33344555555555655565556555655656555554333333333333333333333334455566767777777777777777777777777677777700111111112121211121112111211121121111111121
Time taken by program is : 43.69099sec
446 5 0 5 30464 30383 65700 1 84.622222900 84.397224426
252 6 0 5 30383 30360 67500 4 84.397224426 84.333335876
224 109 0 1 30360 30207 69660 5 84.333335876 83.908332825
228 110 0 1 30207 30092 71460 4 83.908332825 83.588890076
200 111 0 1 30092 30036 73980 6 83.588890076 83.433334351
172 7 1 5 30036 29895 77220 8 83.433334351 83.041664124
170 97 2 0 29895 29797 80820 9 83.041664124 82.769447327
170 47 2 0 29797 29688 84420 9 82.769447327 82.466667175
170 139 1 1 29688 29576 88020 9 82.466667175 82.155555725
160 87 0 7 29576 29573 92340 11 82.155555725 82.147224426
180 66 2 0 29573 29533 94860 6 82.147224426 82.036109924
153 79 1 7 29533 29409 99180 11 82.036109924 81.691665649
154 96 2 0 29409 29383 103860 12 81.691665649 81.619445801
514 66 0 7 29383 29378 104580 1 81.619445801 81.605552673
134 3 1 4 29378 29293 111060 17 81.605552673 81.369445801
134 62 1 5 29293 29275 117900 18 81.369445801 81.319442749
134 110 2 0 29275 29250 124020 16 81.319442749 81.250000000
180 110 0 1 29250 29239 127980 10 81.250000000 81.219444275
176 66 2 0 29239 29238 131580 9 81.219444275 81.216667175
214 87 0 7 29238 29215 134460 7 81.216667175 81.152778625
122 118 1 2 29215 29116 142020 20 81.152778625 80.877777100
123 88 1 7 29116 29085 149220 19 80.877777100 80.791664124
122 109 0 2 29085 29083 156780 20 80.791664124 80.786109924
120 102 2 0 29083 29081 163980 19 80.786109924 80.780555725
119 123 1 1 29081 29045 172260 22 80.780555725 80.680557251
114 26 0 5 29045 29044 181620 25 80.680557251 80.677780151
128 10 2 0 29044 29011 188460 18 80.677780151 80.586112976
136 14 0 5 29011 29010 195300 18 80.586112976 80.583335876
112 116 0 2 29010 29003 205380 27 80.583335876 80.563888550
140 109 2 0 29003 28983 211500 16 80.563888550 80.508331299
108 131 1 2 28983 28913 223020 31 80.508331299 80.313888550
100 23 1 6 28913 28867 234900 32 80.313888550 80.186111450
99 134 1 2 28867 28853 246060 30 80.186111450 80.147224426
132 139 1 1 28853 28836 252540 17 80.147224426 80.099998474
97 62 1 4 28836 28762 264780 33 80.099998474 79.894447327
166 5 2 0 28762 28761 269460 12 79.894447327 79.891670227
114 31 0 6 28761 28724 278460 24 79.891670227 79.788887024
96 68 0 6 28724 28722 291780 36 79.788887024 79.783332825
218 69 2 0 28722 28711 293940 5 79.783332825 79.752777100
292 68 0 7 28711 28704 295020 2 79.752777100 79.733329773
214 70 2 0 28704 28695 296820 4 79.733329773 79.708335876
90 101 1 0 28695 28666 314460 48 79.708335876 79.627777100
80 101 0 7 28666 28656 342900 78 79.627777100 79.599998474
78 95 1 6 28656 28650 373140 83 79.599998474 79.583335876
