SetMedian AvgDist: 65.67223 TotalDist: 64620
O 33333333343344345444555555555555565665666566656666677676776767777777777077000111111111111212212122122212221222222123
Mean AvgDist: 62.06944 TotalDist: 695700
O 33333333434444544545555555555555565565666666667667767767777777777777070001011111111111211211222122212222222223223
Time taken by program is : 36.63820sec
258 0 2 0 23642 23519 65700 1 65.672225952 65.330558777
234 0 2 0 23519 23464 66420 1 65.330558777 65.177780151
194 0 2 0 23464 23457 67140 1 65.177780151 65.158332825
164 16 0 5 23457 23411 68220 2 65.158332825 65.030555725
158 111 1 2 23411 23223 69300 2 65.030555725 64.508331299
162 89 2 0 23223 23138 70380 2 64.508331299 64.272224426
152 58 1 7 23138 23053 71460 2 64.272224426 64.036109924
152 87 0 1 23053 23047 72540 2 64.036109924 64.019447327
148 33 2 0 23047 22957 74340 4 64.019447327 63.769443512
140 103 1 2 22957 22896 76860 6 63.769443512 63.599998474
126 31 0 5 22896 22888 81900 13 63.599998474 63.577777863
134 49 2 0 22888 22867 84060 5 63.577777863 63.519443512
144 73 0 1 22867 22866 86580 6 63.519443512 63.516666412
132 75 2 0 22866 22864 89460 7 63.516666412 63.511112213
174 70 0 0 22864 22842 90540 2 63.511112213 63.450000763
128 34 2 0 22842 22770 93060 6 63.450000763 63.250000000
134 51 0 7 22770 22740 95940 7 63.250000000 63.166667938
132 35 2 0 22740 22680 98820 7 63.166667938 63.000000000
121 111 1 3 22680 22659 103140 11 63.000000000 62.941665649
112 35 2 0 22659 22636 109980 18 62.941665649 62.877777100
158 11 0 4 22636 22620 111780 4 62.877777100 62.833332062
112 109 1 3 22620 22591 120060 22 62.833332062 62.752777100
107 12 1 4 22591 22525 128340 22 62.752777100 62.569442749
100 49 0 6 22525 22510 138420 27 62.569442749 62.527778625
98 68 2 0 22510 22502 148860 28 62.527778625 62.505554199
93 41 1 6 22502 22480 162540 37 62.505554199 62.444442749
128 38 2 0 22480 22470 165780 8 62.444442749 62.416667938
98 44 0 7 22470 22467 178380 34 62.416667938 62.408332825
94 111 1 2 22467 22448 192060 37 62.408332825 62.355556488
80 8 0 4 22448 22442 214380 61 62.355556488 62.338890076
114 45 2 0 22442 22434 219420 13 62.338890076 62.316665649
104 10 2 0 22434 22429 228060 23 62.316665649 62.302776337
90 68 0 7 22429 22423 243900 43 62.302776337 62.286109924
94 70 1 0 22423 22422 255780 32 62.286109924 62.283332825
100 89 2 0 22422 22421 264780 24 62.283332825 62.280555725
136 69 0 7 22421 22420 267300 6 62.280555725 62.277778625
160 49 2 0 22420 22414 268740 3 62.277778625 62.261112213
90 67 1 0 22414 22396 283860 41 62.261112213 62.211112976
186 48 0 7 22396 22389 284940 2 62.211112976 62.191665649
110 70 2 0 22389 22379 291420 17 62.191665649 62.163887024
72 6 1 3 22379 22366 318780 75 62.163887024 62.127777100
60 48 0 6 22366 22365 363420 123 62.127777100 62.125000000
60 50 2 0 22365 22359 408060 123 62.125000000 62.108333588
98 92 0 1 22359 22356 420300 33 62.108333588 62.099998474
136 75 2 0 22356 22351 423180 7 62.099998474 62.086112976
88 94 0 2 22351 22345 439020 43 62.086112976 62.069442749
