SetMedian AvgDist: 103.17223 TotalDist: 64620
Q 333433334444444455454545554554555555566556666666676655554455555676777001001100777777777777707770770707000010110111111112211221222222222232322232223233233
Mean AvgDist: 96.56667 TotalDist: 1128420
Q 33333333343434444454545545555555555555565565666566655555554555556677777700101000777777777777777777770707000010111111111111112121122121222222222222322323233
Time taken by program is : 72.16894sec
906 0 0 3 37142 36953 65340 0 103.172225952 102.647224426
210 121 0 1 36953 36860 66420 2 102.647224426 102.388885498
224 122 0 1 36860 36827 67140 1 102.388885498 102.297225952
218 140 2 0 36827 36612 67860 1 102.297225952 101.699996948
184 93 1 7 36612 36443 69660 4 101.699996948 101.230552673
178 123 0 1 36443 36437 71460 4 101.230552673 101.213890076
175 31 1 5 36437 36267 73260 4 101.213890076 100.741668701
167 67 1 7 36267 36172 75060 4 100.741668701 100.477775574
166 142 2 0 36172 36022 76860 4 100.477775574 100.061111450
150 51 1 5 36022 35821 79740 7 100.061111450 99.502777100
154 124 0 1 35821 35819 82260 6 99.502777100 99.497222900
156 152 2 0 35819 35751 84060 4 99.497222900 99.308334351
150 73 2 0 35751 35731 86220 5 99.308334351 99.252777100
147 96 1 7 35731 35642 88740 6 99.252777100 99.005554199
137 28 1 5 35642 35574 91980 8 99.005554199 98.816665649
142 5 2 0 35574 35496 94860 7 98.816665649 98.599998474
254 9 0 3 35496 35494 95940 2 98.599998474 98.594444275
128 124 2 0 35494 35470 99900 10 98.594444275 98.527778625
137 111 1 1 35470 35411 103140 8 98.527778625 98.363891602
116 24 1 5 35411 35376 109980 18 98.363891602 98.266670227
120 11 0 3 35376 35332 115740 15 98.266670227 98.144447327
210 0 2 0 35332 35301 117540 4 98.144447327 98.058334351
115 53 1 5 35301 35222 125100 20 98.058334351 97.838890076
114 64 1 6 35222 35168 133020 21 97.838890076 97.688888550
109 52 1 5 35168 35141 142740 26 97.688888550 97.613891602
104 43 2 0 35141 35134 154260 31 97.613891602 97.594444275
142 9 0 3 35134 35133 157500 8 97.594444275 97.591667175
108 58 1 5 35133 35110 167940 28 97.591667175 97.527778625
202 0 2 0 35110 35109 169020 2 97.527778625 97.525001526
103 48 1 5 35109 35105 180900 32 97.525001526 97.513885498
154 9 0 3 35105 35103 182700 4 97.513885498 97.508331299
104 56 1 4 35103 35100 193500 29 97.508331299 97.500000000
102 59 1 5 35100 35099 205380 32 97.500000000 97.497222900
204 0 2 0 35099 35098 206460 2 97.497222900 97.494445801
97 46 1 5 35098 35086 222300 43 97.494445801 97.461112976
150 9 0 3 35086 35081 224820 6 97.461112976 97.447219849
100 49 1 6 35081 35059 236340 31 97.447219849 97.386108398
94 40 2 0 35059 35058 251100 40 97.386108398 97.383331299
92 131 0 1 35058 35043 267660 45 97.383331299 97.341667175
128 129 2 0 35043 34997 271260 9 97.341667175 97.213890076
88 38 1 6 34997 34980 293580 61 97.213890076 97.166664124
86 8 1 4 34980 34953 316620 63 97.166664124 97.091667175
200 8 0 3 34953 34950 318060 3 97.091667175 97.083335876
107 18 1 5 34950 34943 327420 25 97.083335876 97.063888550
81 21 1 4 34943 34941 354420 74 97.063888550 97.058334351
113 22 1 5 34941 34913 360900 17 97.058334351 96.980552673
86 122 1 2 34913 34912 383580 62 96.980552673 96.977775574
120 122 0 1 34912 34907 388980 14 96.977775574 96.963890076
90 146 2 0 34907 34876 408060 52 96.963890076 96.877777100
76 71 1 7 34876 34845 444060 99 96.877777100 96.791664124
69 76 1 0 34845 34816 488700 123 96.791664124 96.711112976
95 58 1 4 34816 34814 503820 41 96.711112976 96.705558777
80 56 1 5 34814 34807 530820 74 96.705558777 96.686111450
91 42 1 6 34807 34804 548100 47 96.686111450 96.677780151
94 41 1 5 34804 34771 563940 43 96.677780151 96.586112976
38 74 0 1 34771 34764 692100 355 96.586112976 96.566665649
