SetMedian AvgDist: 133.41112 TotalDist: 64620
S 3333333344455456677707777777676766654343443344344344444454554555556556666676677677767777777777077707011111223333343443333333233232222111001007007007007077707707000111111122232232232333233
Mean AvgDist: 126.80556 TotalDist: 2100420
S 333333334344455566767777777777767767666554434343343434344444454555555655666667677677777777777777777707707000111112233334334334333333333323222211000007077077070707000101111111222223223233233233
Time taken by program is : 230.90292sec
1152 0 0 3 48028 47925 65340 0 133.411117554 133.125000000
354 36 0 5 47925 47908 66060 1 133.125000000 133.077774048
282 78 0 7 47908 47858 67500 3 133.077774048 132.938888550
264 22 0 7 47858 47752 68940 3 132.938888550 132.644439697
234 0 2 0 47752 47748 71100 5 132.644439697 132.633331299
218 103 0 0 47748 47650 73620 6 132.633331299 132.361114502
218 157 2 0 47650 47506 76140 6 132.361114502 131.961105347
210 120 0 3 47506 47465 78660 6 131.961105347 131.847229004
192 17 0 7 47465 47430 83340 12 131.847229004 131.750000000
204 41 2 0 47430 47375 87300 10 131.750000000 131.597229004
192 139 2 0 47375 47267 91980 12 131.597229004 131.297225952
176 160 2 0 47267 47196 98820 18 131.297225952 131.100006104
174 80 0 7 47196 47103 106740 21 131.100006104 130.841659546
163 88 1 7 47103 46982 115020 22 130.841659546 130.505554199
160 77 2 0 46982 46972 124020 24 130.505554199 130.477783203
196 83 0 7 46972 46948 129060 13 130.477783203 130.411117554
154 31 0 7 46948 46936 138780 26 130.411117554 130.377777100
154 81 0 7 46936 46930 148500 26 130.377777100 130.361114502
160 83 2 0 46930 46927 157140 23 130.361114502 130.352783203
152 23 2 0 46927 46891 166500 25 130.352783203 130.252777100
152 158 2 0 46891 46882 175500 24 130.252777100 130.227783203
212 187 0 3 46882 46876 179820 11 130.227783203 130.211105347
184 176 2 0 46876 46851 185940 16 130.211105347 130.141662598
230 187 0 3 46851 46831 189540 9 130.141662598 130.086105347
146 142 2 0 46831 46786 201060 31 130.086105347 129.961105347
236 122 0 3 46786 46784 204300 8 129.961105347 129.955551147
202 154 0 7 46784 46781 207900 9 129.955551147 129.947219849
142 141 2 0 46781 46751 220500 34 129.947219849 129.863891602
138 146 2 0 46751 46746 234540 38 129.863891602 129.850006104
276 147 0 7 46746 46737 236700 5 129.850006104 129.824996948
135 124 1 3 46737 46655 251460 40 129.824996948 129.597229004
130 14 1 5 46655 46539 268020 45 129.597229004 129.274993896
140 8 0 4 46539 46531 282060 38 129.274993896 129.252777100
128 156 1 7 46531 46457 301140 52 129.252777100 129.047225952
152 148 2 0 46457 46449 311220 27 129.047225952 129.024993896
234 151 0 7 46449 46405 314460 8 129.024993896 128.902770996
124 143 2 0 46405 46379 335340 57 128.902770996 128.830551147
190 151 0 7 46379 46376 341460 16 128.830551147 128.822219849
120 118 0 4 46376 46354 363780 61 128.822219849 128.761108398
158 151 2 0 46354 46352 371700 21 128.761108398 128.755554199
142 166 0 1 46352 46348 383940 33 128.755554199 128.744445801
124 122 2 0 46348 46330 403740 54 128.744445801 128.694442749
121 85 1 7 46330 46290 424620 57 128.694442749 128.583328247
115 39 1 5 46290 46200 448020 64 128.583328247 128.333328247
166 46 2 0 46200 46175 454860 18 128.333328247 128.263885498
112 117 0 3 46175 46161 479700 68 128.263885498 128.225006104
114 105 2 0 46161 46113 503100 64 128.225006104 128.091659546
134 101 0 0 46113 46080 519300 44 128.091659546 128.000000000
122 99 2 0 46080 46071 538020 51 128.000000000 127.974998474
114 63 1 5 46071 46069 561780 65 127.974998474 127.969444275
130 61 2 0 46069 46041 579420 48 127.969444275 127.891670227
338 44 0 3 46041 46038 580500 2 127.891670227 127.883331299
160 32 0 7 46038 46036 589500 24 127.883331299 127.877777100
174 18 2 0 46036 46029 596340 18 127.877777100 127.858329773
162 32 0 7 46029 46020 605700 25 127.858329773 127.833335876
136 13 2 0 46020 46019 620820 41 127.833335876 127.830558777
112 132 2 0 46019 46003 646020 69 127.830558777 127.786109924
112 184 1 2 46003 45892 671940 71 127.786109924 127.477775574
110 100 0 7 45892 45876 698580 73 127.477775574 127.433334351
180 43 2 0 45876 45867 704700 16 127.433334351 127.408332825
242 47 0 3 45867 45861 707940 8 127.408332825 127.391670227
120 38 2 0 45861 45856 728100 55 127.391670227 127.377777100
110 48 0 3 45856 45847 754380 72 127.377777100 127.352775574
174 45 2 0 45847 45839 761580 19 127.352775574 127.330558777
138 44 0 3 45839 45829 778140 45 127.330558777 127.302780151
96 62 2 0 45829 45807 810180 88 127.302780151 127.241668701
93 163 1 0 45807 45775 847620 103 127.241668701 127.152778625
116 164 0 1 45775 45771 871380 65 127.152778625 127.141670227
146 146 2 0 45771 45761 884340 35 127.141670227 127.113891602
86 34 0 7 45761 45749 928620 122 127.113891602 127.080558777
200 18 2 0 45749 45721 934020 14 127.080558777 127.002777100
82 102 0 0 45721 45718 984780 140 127.002777100 126.994445801
148 81 2 0 45718 45712 996660 32 126.994445801 126.977775574
60 101 0 7 45712 45695 1085940 247 126.977775574 126.930557251
72 51 2 0 45695 45692 1147140 169 126.930557251 126.922225952
160 47 0 3 45692 45673 1155780 23 126.922225952 126.869445801
6 38 0 6 45673 45654 1492380 934 126.869445801 126.816665649
46 19 1 6 45654 45650 1622340 360 126.816665649 126.805557251
