SetMedian AvgDist: 175.75000 TotalDist: 64620
U 333346555556555555555555555555655555555544332322112112211211122111112111111111111123334345555555555555556556555655555565566556566667667777777770700001010111111111111121121111121111111112122
Mean AvgDist: 167.36945 TotalDist: 3009780
U 333445555555555655565555655565655565565566556222212111211212111121112111111211112122333445555555556556555556555655555555556667777001111111111111121111211211111211112111111212
Time taken by program is : 304.49314sec
278 134 2 0 63270 63102 67500 6 175.750000000 175.283340454
278 134 2 0 63102 62940 70020 6 175.283340454 174.833328247
268 134 2 0 62940 62799 72540 6 174.833328247 174.441665649
258 134 2 0 62799 62680 75060 6 174.441665649 174.111114502
252 134 2 0 62680 62571 77580 6 174.111114502 173.808334351
248 134 2 0 62571 62497 80460 7 173.808334351 173.602783203
242 134 2 0 62497 62438 84060 9 173.602783203 173.438888550
234 134 2 0 62438 62394 88740 12 173.438888550 173.316665649
228 131 2 0 62394 62384 93420 12 173.316665649 173.288894653
222 133 2 0 62384 62375 98820 14 173.288894653 173.263885498
584 132 0 7 62375 62371 99540 1 173.263885498 173.252777100
212 135 2 0 62371 62350 105660 16 173.252777100 173.194442749
206 41 1 6 62350 62332 112860 19 173.194442749 173.144439697
218 40 1 6 62332 62271 118980 16 173.144439697 172.975006104
202 5 2 0 62271 62104 126180 19 172.975006104 172.511108398
194 124 2 0 62104 62016 134100 21 172.511108398 172.266662598
196 125 2 0 62016 61932 142020 21 172.266662598 172.033340454
186 120 2 0 61932 61851 151020 24 172.033340454 171.808334351
900 129 0 7 61851 61844 151740 1 171.808334351 171.788894653
180 124 2 0 61844 61803 160020 22 171.788894653 171.675003052
178 47 2 0 61803 61776 168300 22 171.675003052 171.600006104
172 123 2 0 61776 61741 176580 22 171.600006104 171.502777100
170 128 2 0 61741 61684 186660 27 171.502777100 171.344451904
402 124 0 7 61684 61682 189540 7 171.344451904 171.338882446
168 129 0 7 61682 61672 199260 26 171.338882446 171.311111450
212 124 2 0 61672 61667 204660 14 171.311111450 171.297225952
166 129 2 0 61667 61619 214740 27 171.297225952 171.163894653
214 125 2 0 61619 61617 221220 17 171.163894653 171.158340454
158 128 2 0 61617 61613 232740 31 171.158340454 171.147216797
980 126 0 7 61613 61595 233460 1 171.147216797 171.097229004
380 124 0 7 61595 61588 236700 8 171.097229004 171.077774048
178 130 0 7 61588 61583 246060 25 171.077774048 171.063888550
210 126 2 0 61583 61578 252180 16 171.063888550 171.050003052
208 124 2 0 61578 61577 259020 18 171.050003052 171.047225952
864 126 0 7 61577 61576 259740 1 171.047225952 171.044448853
170 130 0 7 61576 61570 270540 29 171.044448853 171.027770996
216 125 2 0 61570 61554 276300 15 171.027770996 170.983337402
158 123 2 0 61554 61553 288540 33 170.983337402 170.980560303
192 129 0 7 61553 61544 297180 23 170.980560303 170.955551147
144 44 1 1 61544 61515 312660 42 170.955551147 170.875000000
420 41 0 7 61515 61508 315180 6 170.875000000 170.855560303
356 42 0 7 61508 61500 318060 7 170.855560303 170.833328247
370 43 0 7 61500 61492 319860 4 170.833328247 170.811111450
178 38 0 6 61492 61446 330660 29 170.811111450 170.683334351
238 42 2 0 61446 61427 334620 10 170.683334351 170.630554199
206 39 0 6 61427 61402 342180 20 170.630554199 170.561111450
234 43 2 0 61402 61389 346140 10 170.561111450 170.524993896
154 47 2 0 61389 61366 359820 37 170.524993896 170.461105347
178 40 0 6 61366 61362 371340 31 170.461105347 170.449996948
220 44 2 0 61362 61358 376740 14 170.449996948 170.438888550
138 89 2 0 61358 61339 393660 46 170.438888550 170.386108398
190 131 0 7 61339 61337 402660 24 170.386108398 170.380554199
134 62 1 1 61337 61312 420300 48 170.380554199 170.311111450
136 137 1 2 61312 61240 438660 50 170.311111450 170.111114502
134 83 1 2 61240 61164 457380 51 170.111114502 169.899993896
129 80 1 2 61164 61125 477540 55 169.899993896 169.791671753
130 170 1 1 61125 61090 496620 52 169.791671753 169.694442749
128 45 1 1 61090 61042 517500 57 169.694442749 169.561111450
154 45 2 0 61042 61025 531180 37 169.561111450 169.513885498
378 44 0 7 61025 61021 533700 6 169.513885498 169.502777100
129 45 1 0 61021 61005 553860 55 169.502777100 169.458328247
204 44 2 0 61005 61004 561780 21 169.458328247 169.455551147
216 41 0 6 61004 60996 567540 15 169.455551147 169.433334351
128 135 1 2 60996 60976 588420 57 169.433334351 169.377777100
206 127 2 0 60976 60975 596340 21 169.377777100 169.375000000
144 171 0 1 60975 60964 613620 47 169.375000000 169.344451904
212 125 2 0 60964 60957 620460 18 169.344451904 169.324996948
124 3 1 4 60957 60885 643860 64 169.324996948 169.125000000
122 33 1 6 60885 60825 667980 66 169.125000000 168.958328247
123 87 1 4 60825 60774 692460 67 168.958328247 168.816665649
130 120 2 0 60774 60768 713700 58 168.816665649 168.800003052
120 170 1 1 60768 60744 738180 67 168.800003052 168.733337402
119 10 1 5 60744 60723 762660 67 168.733337402 168.675003052
117 169 1 2 60723 60712 787500 68 168.675003052 168.644439697
115 132 1 1 60712 60696 813780 72 168.644439697 168.600006104
113 134 1 1 60696 60683 841860 77 168.600006104 168.563888550
112 54 1 1 60683 60682 869220 75 168.563888550 168.561111450
162 5 2 0 60682 60681 881820 34 168.561111450 168.558334351
164 41 0 6 60681 60677 894420 34 168.558334351 168.547225952
109 143 1 2 60677 60663 924300 82 168.547225952 168.508331299
132 129 0 7 60663 60660 943380 52 168.508331299 168.500000000
105 75 1 2 60660 60626 973980 84 168.500000000 168.405548096
103 64 1 2 60626 60617 1007460 92 168.405548096 168.380554199
158 45 1 2 60617 60613 1021500 38 168.380554199 168.369445801
119 61 1 1 60613 60611 1045620 66 168.369445801 168.363891602
103 22 1 6 60611 60552 1078020 89 168.363891602 168.199996948
104 35 0 6 60552 60551 1108620 84 168.199996948 168.197219849
180 38 2 0 60551 60527 1119060 28 168.197219849 168.130554199
103 54 1 2 60527 60523 1151100 88 168.130554199 168.119445801
106 53 1 1 60523 60517 1180980 82 168.119445801 168.102783203
98 61 1 2 60517 60512 1221300 111 168.102783203 168.088882446
98 86 1 3 60512 60482 1263060 115 168.088882446 168.005554199
125 61 1 1 60482 60481 1285380 61 168.005554199 168.002777100
95 59 1 2 60481 60472 1330380 124 168.002777100 167.977783203
89 26 1 6 60472 60466 1384380 149 167.977783203 167.961105347
176 38 2 0 60466 60458 1396620 33 167.961105347 167.938888550
118 22 0 5 60458 60437 1420020 64 167.938888550 167.880554199
90 18 1 6 60437 60405 1471500 142 167.880554199 167.791671753
124 18 0 5 60405 60403 1493460 60 167.791671753 167.786117554
188 40 2 0 60403 60387 1503540 27 167.786117554 167.741668701
85 98 1 6 60387 60349 1564740 169 167.741668701 167.636108398
97 103 1 5 60349 60347 1606140 114 167.636108398 167.630554199
97 122 1 6 60347 60346 1647540 114 167.630554199 167.627777100
110 117 2 0 60346 60345 1674900 75 167.627777100 167.625000000
324 120 0 6 60345 60338 1678860 10 167.625000000 167.605560303
84 163 1 2 60338 60328 1743300 178 167.605560303 167.577774048
123 170 1 1 60328 60323 1765980 62 167.577774048 167.563888550
80 101 0 6 60323 60311 1836180 194 167.563888550 167.530548096
214 126 2 0 60311 60305 1844100 21 167.530548096 167.513885498
150 121 2 0 60305 60298 1859940 43 167.513885498 167.494445801
114 130 0 1 60298 60295 1886580 73 167.494445801 167.486114502
112 170 1 2 60295 60294 1912860 72 167.486114502 167.483337402
77 15 1 6 60294 60285 1990260 214 167.483337402 167.458328247
51 43 1 5 60285 60280 2138580 411 167.458328247 167.444442749
30 131 1 1 60280 60267 2372580 649 167.444442749 167.408340454
68 130 0 0 60267 60253 2472300 276 167.408340454 167.369445801
