SetMedian AvgDist: 128.19167 TotalDist: 64620
V 333345556565556556565555565656555555655665656655566766677770001111011011111111111111111001121123334445555555555555555555545542212112122112121121112112112111112111221
Mean AvgDist: 122.41944 TotalDist: 1616940
V 333344555556565565655665656565655666556565655656667777001011111111111111111111111111111111123334445555545555555555555555554221212121121212121211212112112111212
Time taken by program is : 104.47255sec
318 87 0 1 46149 46093 66060 2 128.191665649 128.036117554
282 8 2 0 46093 45890 67140 2 128.036117554 127.472221375
266 87 0 1 45890 45862 69300 5 127.472221375 127.394447327
230 130 2 0 45862 45710 73260 10 127.394447327 126.972221375
214 9 2 0 45710 45574 77940 12 126.972221375 126.594444275
202 121 0 5 45574 45562 83340 14 126.594444275 126.561111450
200 49 2 0 45562 45329 88740 14 126.561111450 125.913887024
198 127 2 0 45329 45271 94500 15 125.913887024 125.752777100
196 133 2 0 45271 45192 99900 14 125.752777100 125.533332825
184 5 2 0 45192 45108 106020 16 125.533332825 125.300003052
182 85 2 0 45108 45009 112140 16 125.300003052 125.025001526
212 57 0 1 45009 44977 116820 12 125.025001526 124.936111450
176 139 2 0 44977 44918 124020 19 124.936111450 124.772224426
166 139 2 0 44918 44898 132300 22 124.772224426 124.716667175
164 86 2 0 44898 44811 140580 22 124.716667175 124.474998474
192 63 0 1 44811 44781 146700 16 124.474998474 124.391670227
156 36 2 0 44781 44761 156420 26 124.391670227 124.336112976
148 88 1 1 44761 44715 168660 33 124.336112976 124.208335876
140 63 2 0 44715 44677 182700 38 124.208335876 124.102775574
174 65 0 1 44677 44663 190620 21 124.102775574 124.063888550
140 66 2 0 44663 44637 204300 37 124.063888550 123.991668701
136 45 2 0 44637 44616 219060 40 123.991668701 123.933334351
240 56 0 1 44616 44615 222300 8 123.933334351 123.930557251
148 10 0 6 44615 44610 234900 34 123.930557251 123.916664124
208 56 2 0 44610 44607 239940 13 123.916664124 123.908332825
129 32 1 6 44607 44520 256860 46 123.908332825 123.666664124
118 46 2 0 44520 44505 278820 60 123.666664124 123.625000000
118 3 1 4 44505 44460 300780 60 123.625000000 123.500000000
117 21 1 6 44460 44390 322740 60 123.500000000 123.305557251
115 29 1 6 44390 44333 345060 61 123.305557251 123.147224426
114 44 1 6 44333 44309 368100 63 123.147224426 123.080558777
113 146 1 2 44309 44260 391140 63 123.080558777 122.944442749
99 42 1 5 44260 44251 422460 86 122.944442749 122.919441223
98 117 2 0 44251 44235 453780 86 122.919441223 122.875000000
92 20 1 6 44235 44217 488340 95 122.875000000 122.824996948
87 33 1 6 44217 44200 526500 105 122.824996948 122.777778625
83 56 1 1 44200 44199 572940 128 122.777778625 122.775001526
110 56 0 0 44199 44187 597060 66 122.775001526 122.741668701
80 123 0 1 44187 44160 647100 138 122.741668701 122.666664124
124 142 2 0 44160 44153 666900 54 122.666664124 122.647224426
125 154 1 1 44153 44148 685260 50 122.647224426 122.633331299
124 155 1 2 44148 44101 705060 54 122.633331299 122.502777100
76 110 0 6 44101 44099 759420 150 122.502777100 122.497222900
97 110 1 5 44099 44090 789300 82 122.497222900 122.472221375
66 136 0 2 44090 44080 860220 196 122.472221375 122.444442749
100 130 1 1 44080 44076 889020 79 122.444442749 122.433334351
42 102 1 4 44076 44073 1030140 391 122.433334351 122.425003052
36 3 0 3 44073 44071 1192860 451 122.425003052 122.419441223
