SetMedian AvgDist: 225.62778 TotalDist: 64620
W 33334455555555555556556565556656556566566677767777777000001111110765665666567666676777010111111111111111111111111111111111111233444545555554555555565555543222222112212112221122334345555555555555555555555543322222112221111212112111111111111
Mean AvgDist: 214.05556 TotalDist: 5912820
W 3333445555555555555655655565556565565665666667777700001101111111076565656656656566677700111111111112111111111111111111111223334454555555555555556555655655542212111121111111223344555556555655655555432212211212121112111112111211111111112
Time taken by program is : 499.12953sec
252 130 0 5 81226 81198 66780 4 225.627777100 225.550003052
236 182 2 0 81198 80936 68940 5 225.550003052 224.822219849
228 87 2 0 80936 80788 71460 6 224.822219849 224.411117554
228 154 1 6 80788 80765 74340 7 224.411117554 224.347229004
220 181 2 0 80765 80551 77220 7 224.347229004 223.752777100
213 155 1 7 80551 80519 80820 9 223.752777100 223.663894653
218 153 0 6 80519 80508 84060 8 223.663894653 223.633331299
214 182 2 0 80508 80328 87300 8 223.633331299 223.133331299
204 88 2 0 80328 80260 91620 11 223.133331299 222.944442749
201 156 1 7 80260 80232 96300 12 222.944442749 222.866668701
200 155 2 0 80232 80138 100620 11 222.866668701 222.605560303
192 88 2 0 80138 80119 106020 14 222.605560303 222.552780151
192 179 2 0 80119 79985 112140 16 222.552780151 222.180557251
190 200 1 1 79985 79890 119700 20 222.180557251 221.916671753
206 199 0 2 79890 79825 125100 14 221.916671753 221.736114502
194 200 1 1 79825 79758 131220 16 221.736114502 221.550003052
178 154 2 0 79758 79679 139860 23 221.550003052 221.330551147
208 152 0 6 79679 79666 145980 16 221.330551147 221.294448853
172 179 2 0 79666 79595 155700 26 221.294448853 221.097229004
172 154 2 0 79595 79515 166140 28 221.097229004 220.875000000
166 138 0 6 79515 79474 177300 30 220.875000000 220.761108398
174 152 2 0 79474 79471 186660 25 220.761108398 220.752777100
162 52 1 2 79471 79460 198540 32 220.752777100 220.722229004
162 76 1 5 79460 79275 210780 33 220.722229004 220.208328247
160 19 0 5 79275 79272 223380 34 220.208328247 220.199996948
162 53 2 0 79272 79181 235260 32 220.199996948 219.947219849
172 56 0 1 79181 79138 245340 27 219.947219849 219.827774048
156 131 1 5 79138 79044 258300 35 219.827774048 219.566665649
150 179 2 0 79044 79027 271980 37 219.566665649 219.519439697
146 168 0 1 79027 79025 287100 41 219.519439697 219.513885498
145 209 1 1 79025 78936 302580 42 219.513885498 219.266662598
144 6 2 0 78936 78934 317700 41 219.266662598 219.261108398
152 56 0 1 78934 78933 332100 39 219.261108398 219.258331299
143 138 1 5 78933 78810 347940 43 219.258331299 218.916671753
142 42 2 0 78810 78700 364140 44 218.916671753 218.611114502
164 19 0 5 78700 78695 375660 31 218.611114502 218.597229004
139 232 1 2 78695 78669 393300 48 218.597229004 218.524993896
138 204 1 1 78669 78606 410940 48 218.524993896 218.350006104
135 122 1 2 78606 78488 431460 56 218.350006104 218.022216797
132 217 1 1 78488 78450 452700 58 218.022216797 217.916671753
132 29 2 0 78450 78414 473580 57 217.916671753 217.816665649
138 23 0 5 78414 78399 491220 48 217.816665649 217.774993896
142 6 2 0 78399 78392 507420 44 217.774993896 217.755554199
123 219 1 1 78392 78390 533340 71 217.755554199 217.750000000
128 197 0 1 78390 78353 557100 65 217.750000000 217.647216797
123 177 1 6 78353 78286 584100 74 217.647216797 217.461105347
146 179 2 0 78286 78272 599220 41 217.461105347 217.422225952
126 177 2 0 78272 78238 622620 64 217.422225952 217.327774048
422 177 0 5 78238 78221 623700 2 217.327774048 217.280548096
122 42 2 0 78221 78138 651780 77 217.280548096 217.050003052
140 23 0 5 78138 78126 667980 44 217.050003052 217.016662598
118 149 0 6 78126 78114 697500 81 217.016662598 216.983337402
176 153 2 0 78114 78083 706860 25 216.983337402 216.897216797
117 201 1 1 78083 78070 737460 84 216.897216797 216.861114502
116 43 2 0 78070 78023 768420 85 216.861114502 216.730560303
182 55 0 1 78023 78013 777420 24 216.730560303 216.702774048
120 44 2 0 78013 77992 806580 80 216.702774048 216.644439697
115 77 1 5 77992 77961 839700 91 216.644439697 216.558334351
114 230 0 1 77961 77927 873900 94 216.558334351 216.463882446
112 168 1 1 77927 77852 909540 98 216.463882446 216.255554199
108 3 1 4 77852 77848 948780 108 216.255554199 216.244445801
108 157 2 0 77848 77834 985860 102 216.244445801 216.205551147
102 56 1 1 77834 77800 1030860 124 216.205551147 216.111114502
102 142 0 6 77800 77767 1076580 126 216.111114502 216.019439697
101 121 1 3 77767 77759 1122300 126 216.019439697 215.997222900
152 195 2 0 77759 77758 1136700 39 215.997222900 215.994445801
120 119 1 2 77758 77694 1162980 72 215.994445801 215.816665649
138 119 0 1 77694 77682 1180260 47 215.816665649 215.783340454
99 72 1 5 77682 77676 1229580 136 215.783340454 215.766662598
98 231 0 1 77676 77629 1281060 142 215.766662598 215.636108398
99 221 1 2 77629 77602 1328940 132 215.636108398 215.561111450
106 217 1 2 77602 77582 1367100 105 215.561111450 215.505554199
96 200 1 2 77582 77581 1419660 145 215.505554199 215.502777100
119 201 1 1 77581 77575 1444500 68 215.502777100 215.486114502
96 184 1 6 77575 77535 1497780 147 215.486114502 215.375000000
93 168 1 1 77535 77482 1553220 153 215.375000000 215.227783203
89 198 1 2 77482 77460 1614060 168 215.227783203 215.166671753
88 103 1 2 77460 77455 1677780 176 215.166671753 215.152770996
88 80 2 0 77455 77435 1739340 170 215.152770996 215.097229004
120 68 0 5 77435 77409 1763460 66 215.097229004 215.024993896
122 81 1 7 77409 77408 1786860 64 215.024993896 215.022216797
88 98 1 2 77408 77407 1850220 175 215.022216797 215.019439697
111 103 1 1 77407 77388 1882260 88 215.019439697 214.966659546
86 24 1 5 77388 77384 1948860 184 214.966659546 214.955551147
82 138 1 5 77384 77373 2024100 208 214.955551147 214.925003052
82 22 1 6 77373 77365 2097900 204 214.925003052 214.902770996
112 44 0 6 77365 77363 2129220 86 214.902770996 214.897216797
84 3 1 3 77363 77357 2199060 193 214.897216797 214.880554199
81 198 1 2 77357 77338 2278260 219 214.880554199 214.827774048
108 200 1 1 77338 77320 2312820 95 214.827774048 214.777770996
92 233 0 1 77320 77315 2368260 153 214.777770996 214.763885498
85 197 1 3 77315 77294 2438100 193 214.763885498 214.705551147
83 202 1 2 77294 77290 2512980 207 214.705551147 214.694442749
112 204 1 1 77290 77288 2544300 86 214.694442749 214.688888550
91 205 1 2 77288 77285 2602260 160 214.688888550 214.680557251
82 156 2 0 77285 77265 2680740 217 214.680557251 214.625000000
134 160 0 1 77265 77255 2698740 49 214.625000000 214.597229004
82 167 1 1 77255 77238 2774700 210 214.597229004 214.550003052
80 75 1 6 77238 77234 2857500 229 214.550003052 214.538894653
76 179 1 5 77234 77204 2950740 258 214.538894653 214.455551147
81 188 1 6 77204 77188 3032820 227 214.455551147 214.411117554
74 156 2 0 77188 77173 3136860 288 214.411117554 214.369445801
132 161 0 1 77173 77161 3153780 46 214.369445801 214.336105347
102 158 2 0 77161 77157 3198060 122 214.336105347 214.324996948
96 161 0 1 77157 77142 3249900 143 214.324996948 214.283340454
66 218 0 1 77142 77137 3385260 375 214.283340454 214.269439697
106 210 2 0 77137 77130 3425220 110 214.269439697 214.250000000
72 218 0 1 77130 77128 3536460 308 214.250000000 214.244445801
100 224 2 0 77128 77110 3581460 124 214.244445801 214.194442749
68 178 0 4 77110 77103 3710700 358 214.194442749 214.175003052
126 179 2 0 77103 77102 3730500 54 214.175003052 214.172225952
94 219 0 1 77102 77099 3788460 160 214.172225952 214.163894653
92 188 0 5 77099 77098 3847500 163 214.163894653 214.161117554
130 179 2 0 77098 77095 3863700 44 214.161117554 214.152770996
76 165 2 0 77095 77088 3961980 272 214.152770996 214.133331299
122 159 0 1 77088 77079 3986460 67 214.133331299 214.108337402
62 163 1 1 77079 77078 4138380 421 214.108337402 214.105560303
128 158 2 0 77078 77071 4156380 49 214.105560303 214.086105347
39 82 1 6 77071 77069 4415940 720 214.086105347 214.080551147
37 53 1 0 77069 77066 4685220 747 214.080551147 214.072219849
20 190 0 6 77066 77064 5099940 1151 214.072219849 214.066665649
114 214 2 0 77064 77060 5127660 76 214.066665649 214.055557251
