SetMedian AvgDist: 149.58055 TotalDist: 64620
Z 33343333333333343333333343445445556655666566766676666766664333333333333333333333334333334566767677777777777777777777767777777777777777070011112232232232232232232232222232222107707777777777777770777011111
Mean AvgDist: 140.37778 TotalDist: 2070900
Z 33333333333333333343334344555656656666666666666666666665433333333333333333333333334445556677777777777777777777777777777777777777777700111112222222222222222222222222222107777777777777777777700111122233
Time taken by program is : 161.62763sec
2436 202 0 3 53849 53731 65340 0 149.580551147 149.252777100
1210 203 0 3 53731 53626 66060 1 149.252777100 148.961105347
1166 204 0 3 53626 53593 66780 1 148.961105347 148.869445801
1114 205 0 3 53593 53588 67500 1 148.869445801 148.855560303
338 88 0 5 53588 53564 71100 9 148.855560303 148.788894653
300 3 2 0 53564 53413 75780 12 148.788894653 148.369445801
280 0 2 0 53413 53372 80460 12 148.369445801 148.255554199
260 143 2 0 53372 53175 85140 12 148.255554199 147.708328247
252 0 2 0 53175 53156 90180 13 147.708328247 147.655548096
236 84 0 4 53156 53154 95220 13 147.655548096 147.649993896
236 56 2 0 53154 53097 100260 13 147.649993896 147.491668701
216 56 2 0 53097 53068 106020 15 147.491668701 147.411117554
214 143 2 0 53068 52965 111780 15 147.411117554 147.125000000
208 89 2 0 52965 52917 117900 16 147.125000000 146.991668701
204 113 0 7 52917 52904 124020 16 146.991668701 146.955551147
200 54 0 5 52904 52814 130500 17 146.955551147 146.705551147
184 146 2 0 52814 52733 138780 22 146.705551147 146.480560303
202 148 0 2 52733 52722 145980 19 146.480560303 146.449996948
180 152 2 0 52722 52612 154620 23 146.449996948 146.144439697
186 149 0 2 52612 52589 162900 22 146.144439697 146.080551147
182 155 2 0 52589 52524 171180 22 146.080551147 145.899993896
184 150 0 2 52524 52506 179460 22 145.899993896 145.850006104
176 202 1 2 52506 52335 188460 24 145.850006104 145.375000000
166 173 1 7 52335 52235 198180 26 145.375000000 145.097229004
244 198 2 0 52235 52231 203220 13 145.097229004 145.086105347
448 197 0 2 52231 52227 206100 7 145.086105347 145.074996948
164 158 2 0 52227 52166 217620 31 145.074996948 144.905548096
206 163 0 2 52166 52141 224820 19 144.905548096 144.836105347
174 164 2 0 52141 52073 235260 28 144.836105347 144.647216797
150 84 2 0 52073 51965 249300 38 144.647216797 144.347229004
159 78 1 3 51965 51901 262620 36 144.347229004 144.169448853
151 34 1 6 51901 51782 276660 38 144.169448853 143.838882446
149 131 1 7 51782 51712 290700 38 143.838882446 143.644439697
202 92 2 0 51712 51711 298980 22 143.644439697 143.641662598
198 149 0 2 51711 51710 307260 22 143.641662598 143.638885498
178 113 0 7 51710 51707 317700 28 143.638885498 143.630554199
144 30 0 6 51707 51690 333540 43 143.630554199 143.583328247
138 42 1 6 51690 51568 350460 46 143.583328247 143.244445801
140 12 2 0 51568 51547 367380 46 143.244445801 143.186111450
652 20 0 3 51547 51545 369900 6 143.186111450 143.180557251
137 39 1 6 51545 51465 387900 49 143.180557251 142.958328247
258 0 2 0 51465 51464 392580 12 142.958328247 142.955551147
174 22 0 3 51464 51453 403380 29 142.955551147 142.925003052
266 0 2 0 51453 51449 407700 11 142.925003052 142.913894653
132 188 1 7 51449 51432 425340 48 142.913894653 142.866668701
156 170 2 0 51432 51417 439020 37 142.866668701 142.824996948
128 151 2 0 51417 51400 457380 50 142.824996948 142.777770996
126 24 1 3 51400 51371 475740 50 142.777770996 142.697219849
124 114 2 0 51371 51328 495180 53 142.697219849 142.577774048
121 45 1 6 51328 51243 515340 55 142.577774048 142.341659546
119 91 1 7 51243 51213 535860 56 142.341659546 142.258331299
126 85 1 5 51213 51145 555300 53 142.258331299 142.069442749
158 82 0 4 51145 51112 569700 39 142.069442749 141.977783203
128 88 2 0 51112 51108 588060 50 141.977783203 141.966659546
119 55 1 5 51108 50990 607860 54 141.966659546 141.638885498
116 194 1 2 50990 50973 629100 58 141.638885498 141.591659546
115 23 1 3 50973 50962 650340 58 141.591659546 141.561111450
120 23 2 0 50962 50940 671220 57 141.561111450 141.500000000
632 19 0 3 50940 50938 674460 8 141.500000000 141.494445801
108 166 0 2 50938 50932 698580 66 141.494445801 141.477783203
236 196 2 0 50932 50931 704340 15 141.477783203 141.475006104
108 189 0 0 50931 50888 728100 65 141.475006104 141.355560303
118 190 1 1 50888 50860 750420 61 141.355560303 141.277770996
106 54 1 6 50860 50841 775620 69 141.277770996 141.225006104
252 0 2 0 50841 50840 780300 12 141.225006104 141.222229004
109 49 1 6 50840 50776 803700 64 141.222229004 141.044448853
166 22 0 3 50776 50773 815940 33 141.044448853 141.036117554
101 191 1 1 50773 50754 844020 77 141.036117554 140.983337402
100 83 2 0 50754 50725 871740 76 140.983337402 140.902770996
160 82 0 3 50725 50712 885780 38 140.902770996 140.866668701
100 199 2 0 50712 50705 912780 74 140.866668701 140.847229004
816 196 0 3 50705 50699 914580 4 140.847229004 140.830551147
92 133 1 1 50699 50697 944820 83 140.830551147 140.824996948
202 138 2 0 50697 50682 953820 24 140.824996948 140.783340454
90 188 0 7 50682 50670 984420 84 140.783340454 140.750000000
80 190 1 0 50670 50634 1023300 107 140.750000000 140.649993896
78 29 1 5 50634 50599 1061820 106 140.649993896 140.552780151
120 30 0 6 50599 50579 1082700 57 140.552780151 140.497222900
262 0 2 0 50579 50576 1087740 13 140.497222900 140.488891602
71 131 1 0 50576 50562 1134540 129 140.488891602 140.449996948
152 168 2 0 50562 50561 1148940 39 140.449996948 140.447219849
108 131 0 7 50561 50546 1171620 62 140.447219849 140.405548096
59 82 1 4 50546 50542 1234620 174 140.405548096 140.394439697
12 196 1 2 50542 50536 1561860 908 140.394439697 140.377777100
